#JD-2455000	Flux	(error)
#Files: 1=/phot1. 2=/phot2.
#Params: Xcol=, Ycol=, Fcol=, F=SOI, Fall=(SOI=red4=phot1 OSIRIS=gray30=phot2)
#     has_err=1, has_file=4, is_flux=1, is_phase=0, iJD=1, JD0=2455000, perm=(1,2)
#---
#fA[]=1
#fA[SOI]=1
#fA[OSIRIS]=0
#---
#[M=]---Table: J/A+A/565/A7/phot1.dat Photometry obtained with SOI (with I-Bessel filter)  (1466 records)
#---
#fA[]=1
#fA[SOI]=1
#fA[OSIRIS]=0
#---
#Now: fA[]=1
#...fA[]=1 (M=0)
# m = -1
315.70484 1.0006 0.0025
315.70498 1.0004 0.0025
315.70519 1.0014 0.0025
315.70533 0.9981 0.0025
315.70547 0.9997 0.0025
315.70561 1.0019 0.0025
315.70575 1.0011 0.0025
315.70588 0.9974 0.0025
315.70602 0.9974 0.0025
315.70616 0.9978 0.0025
315.70630 1.0003 0.0025
315.70643 0.9994 0.0025
315.70667 1.0010 0.0025
315.70681 0.9989 0.0025
315.70695 0.9991 0.0025
315.70708 1.0010 0.0025
315.70722 1.0028 0.0025
315.70736 1.0012 0.0025
315.70750 1.0014 0.0025
315.70763 1.0030 0.0025
315.70777 1.0013 0.0025
315.70790 1.0001 0.0025
315.70804 1.0009 0.0025
315.70818 1.0010 0.0025
315.70832 1.0042 0.0025
315.70846 0.9998 0.0025
315.70859 0.9993 0.0025
315.70873 1.0009 0.0025
315.70886 1.0015 0.0025
315.70900 0.9966 0.0025
315.70914 1.0017 0.0025
315.70927 0.9976 0.0025
315.70943 1.0032 0.0025
315.70957 1.0012 0.0025
315.70971 0.9992 0.0025
315.70985 1.0008 0.0025
315.70998 1.0001 0.0025
315.71012 1.0001 0.0025
315.71026 0.9989 0.0025
315.71039 1.0012 0.0025
315.71053 1.0032 0.0025
315.71067 0.9956 0.0025
315.71080 1.0008 0.0025
315.71094 0.9980 0.0025
315.71108 1.0003 0.0025
315.71121 1.0015 0.0025
315.71135 0.9994 0.0025
315.71149 1.0006 0.0025
315.71163 1.0021 0.0025
315.71176 0.9989 0.0025
315.71190 1.0024 0.0025
315.71204 1.0000 0.0025
315.71228 0.9983 0.0025
315.71242 1.0014 0.0025
315.71255 0.9984 0.0025
315.71269 0.9973 0.0025
315.71283 0.9992 0.0025
315.71297 0.9995 0.0025
315.71311 1.0023 0.0025
315.71324 1.0011 0.0025
315.71338 1.0008 0.0025
315.71351 0.9989 0.0025
315.71365 1.0010 0.0025
315.71379 1.0020 0.0025
315.71392 1.0017 0.0025
315.71406 0.9995 0.0025
315.71420 0.9994 0.0025
315.71433 0.9996 0.0025
315.71447 1.0035 0.0025
315.71461 0.9987 0.0025
315.71475 0.9996 0.0025
315.71489 1.0007 0.0025
315.71540 1.0022 0.0025
315.71553 1.0011 0.0025
315.71568 1.0025 0.0025
315.71581 1.0006 0.0025
315.71595 1.0044 0.0025
315.71608 0.9986 0.0025
315.71622 0.9989 0.0025
315.71636 1.0025 0.0025
315.71650 1.0014 0.0025
315.71664 1.0013 0.0025
315.71677 0.9997 0.0025
315.71691 1.0006 0.0025
315.71705 1.0015 0.0025
315.71719 1.0011 0.0025
315.71733 1.0021 0.0025
315.71747 1.0023 0.0025
315.71761 1.0034 0.0025
315.71774 1.0022 0.0025
315.71788 0.9979 0.0025
315.71802 1.0002 0.0025
315.71815 1.0009 0.0025
315.71829 0.9983 0.0025
315.71843 1.0005 0.0025
315.71856 0.9979 0.0025
315.71870 1.0012 0.0025
315.71884 0.9973 0.0025
315.71898 1.0015 0.0025
315.71911 0.9988 0.0025
315.71925 1.0004 0.0025
315.71938 1.0012 0.0025
315.71952 1.0020 0.0025
315.71966 1.0007 0.0025
315.71980 0.9987 0.0025
315.71993 1.0016 0.0025
315.72007 1.0020 0.0025
315.72021 1.0006 0.0025
315.72035 1.0023 0.0025
315.72048 1.0003 0.0025
315.72062 1.0040 0.0025
315.72076 0.9985 0.0025
315.72090 1.0001 0.0025
315.72103 1.0018 0.0025
315.72117 0.9995 0.0025
315.72130 1.0012 0.0025
315.72144 0.9990 0.0025
315.72158 0.9993 0.0025
315.72171 1.0030 0.0025
315.72186 1.0032 0.0025
315.72199 0.9998 0.0025
315.72213 0.9966 0.0025
315.72251 1.0008 0.0025
315.72264 1.0023 0.0025
315.72278 1.0009 0.0025
315.72292 1.0041 0.0025
315.72305 0.9974 0.0025
315.72319 1.0004 0.0025
315.72333 1.0010 0.0025
315.72347 1.0017 0.0025
315.72360 1.0018 0.0025
315.72374 1.0001 0.0025
315.72388 0.9978 0.0025
315.72401 1.0016 0.0025
315.72415 1.0014 0.0025
315.72429 1.0016 0.0025
315.72442 1.0024 0.0025
315.72456 1.0032 0.0025
315.72470 1.0020 0.0025
315.72497 1.0005 0.0025
315.72511 1.0004 0.0025
315.72525 0.9958 0.0025
315.72539 1.0014 0.0025
315.72552 0.9990 0.0025
315.72566 0.9990 0.0025
315.72579 1.0017 0.0025
315.72593 1.0005 0.0025
315.72607 0.9976 0.0025
315.72621 0.9993 0.0025
315.72634 1.0008 0.0025
315.72648 0.9954 0.0025
315.72661 1.0003 0.0025
315.72675 1.0005 0.0025
315.72689 1.0010 0.0025
315.72703 1.0034 0.0025
315.72716 0.9983 0.0025
315.72730 0.9986 0.0025
315.72744 0.9981 0.0025
315.72758 1.0018 0.0025
315.72771 0.9998 0.0025
315.72785 1.0030 0.0025
315.72799 0.9997 0.0025
315.72813 0.9967 0.0025
315.72827 1.0031 0.0025
315.72840 1.0014 0.0025
315.72854 1.0015 0.0025
315.72868 0.9976 0.0025
315.72881 0.9993 0.0025
315.72895 1.0010 0.0025
315.72909 0.9992 0.0025
315.72929 1.0001 0.0025
315.72943 1.0000 0.0025
315.72957 0.9995 0.0025
315.72971 0.9986 0.0025
315.72985 0.9993 0.0025
315.73012 1.0015 0.0025
315.73026 1.0001 0.0025
315.73039 0.9987 0.0025
315.73053 0.9983 0.0025
315.73067 0.9989 0.0025
315.73081 0.9989 0.0025
315.73095 0.9962 0.0025
315.73108 1.0020 0.0025
315.73122 0.9973 0.0025
315.73136 0.9993 0.0025
315.73149 0.9991 0.0025
315.73163 0.9987 0.0025
315.73177 0.9992 0.0025
315.73190 0.9995 0.0025
315.73204 1.0022 0.0025
315.73218 0.9974 0.0025
315.73231 0.9994 0.0025
315.73245 1.0024 0.0025
315.73259 1.0014 0.0025
315.73273 0.9996 0.0025
315.73286 1.0001 0.0025
315.73300 0.9994 0.0025
315.73314 1.0023 0.0025
315.73327 0.9985 0.0025
315.73341 1.0007 0.0025
315.73355 1.0018 0.0025
315.73368 0.9992 0.0025
315.73382 0.9980 0.0025
315.73396 1.0000 0.0025
315.73409 1.0016 0.0025
315.73423 0.9988 0.0025
315.73436 0.9996 0.0025
315.73450 0.9995 0.0025
315.73464 0.9944 0.0025
315.73477 0.9989 0.0025
315.73491 0.9993 0.0025
315.73505 0.9990 0.0025
315.73519 0.9987 0.0025
315.73533 1.0007 0.0025
315.73546 1.0024 0.0025
315.73560 1.0028 0.0025
315.73587 1.0029 0.0025
315.73601 1.0047 0.0025
315.73620 1.0061 0.0025
315.73647 0.9959 0.0025
315.73661 0.9977 0.0025
315.73716 0.9969 0.0025
315.73730 1.0003 0.0025
315.73743 1.0011 0.0025
315.73757 1.0046 0.0025
315.73771 0.9995 0.0025
315.73785 1.0028 0.0025
315.73798 0.9986 0.0025
315.73812 0.9990 0.0025
315.73826 0.9969 0.0025
315.73839 0.9966 0.0025
315.73853 1.0009 0.0025
315.73867 1.0017 0.0025
315.73880 1.0032 0.0025
315.73908 0.9974 0.0025
315.73922 0.9954 0.0025
315.73935 0.9957 0.0025
315.73949 0.9985 0.0025
315.73963 0.9976 0.0025
315.73977 0.9988 0.0025
315.73990 1.0015 0.0025
315.74004 0.9991 0.0025
315.74018 0.9976 0.0025
315.74031 1.0011 0.0025
315.74045 0.9980 0.0025
315.74058 0.9991 0.0025
315.74072 1.0004 0.0025
315.74086 0.9975 0.0025
315.74100 0.9978 0.0025
315.74113 0.9994 0.0025
315.74127 0.9971 0.0025
315.74140 0.9993 0.0025
315.74154 0.9999 0.0025
315.74168 1.0013 0.0025
315.74182 0.9973 0.0025
315.74195 0.9992 0.0025
315.74209 1.0009 0.0025
315.74223 1.0005 0.0025
315.74236 0.9988 0.0025
315.74250 1.0021 0.0025
315.74264 0.9983 0.0025
315.74278 1.0022 0.0025
315.74291 0.9998 0.0025
315.74315 1.0005 0.0025
315.74329 0.9997 0.0025
315.74343 1.0011 0.0025
315.74356 1.0021 0.0025
315.74370 1.0007 0.0025
315.74383 1.0006 0.0025
315.74397 0.9978 0.0025
315.74411 0.9960 0.0025
315.74424 0.9980 0.0025
315.74438 0.9986 0.0025
315.74452 0.9973 0.0025
315.74466 1.0025 0.0025
315.74480 0.9964 0.0025
315.74493 1.0019 0.0025
315.74507 1.0009 0.0025
315.74521 0.9996 0.0025
315.74534 0.9961 0.0025
315.74548 0.9975 0.0025
315.74562 1.0009 0.0025
315.74575 0.9990 0.0025
315.74589 0.9992 0.0025
315.74603 0.9996 0.0025
315.74616 0.9970 0.0025
315.74630 0.9996 0.0025
315.74644 0.9983 0.0025
315.74658 1.0009 0.0025
315.74671 1.0036 0.0025
315.74685 1.0006 0.0025
315.74699 1.0000 0.0025
315.74712 1.0023 0.0025
315.74726 0.9987 0.0025
315.74740 0.9983 0.0025
315.74754 0.9995 0.0025
315.74767 0.9994 0.0025
315.74781 0.9970 0.0025
315.74795 0.9990 0.0025
315.74808 1.0009 0.0025
315.74822 1.0006 0.0025
315.74836 1.0040 0.0025
315.74849 1.0001 0.0025
315.74863 1.0007 0.0025
315.74877 0.9975 0.0025
315.74891 1.0022 0.0025
315.74904 0.9996 0.0025
315.74918 1.0042 0.0025
315.75012 1.0021 0.0025
315.75026 0.9992 0.0025
315.75040 1.0014 0.0025
315.75053 1.0018 0.0025
315.75067 0.9998 0.0025
315.75081 0.9971 0.0025
315.75095 0.9992 0.0025
315.75108 0.9999 0.0025
315.75122 1.0001 0.0025
315.75136 0.9999 0.0025
315.75150 1.0017 0.0025
315.75164 0.9989 0.0025
315.75177 0.9973 0.0025
315.75192 1.0020 0.0025
315.75231 1.0010 0.0025
315.75243 0.9986 0.0025
315.75254 0.9974 0.0025
315.75266 1.0030 0.0025
315.75277 0.9992 0.0025
315.75297 0.9972 0.0025
315.75309 0.9993 0.0025
315.75320 0.9980 0.0025
315.75332 1.0023 0.0025
315.75343 0.9980 0.0025
315.75355 1.0030 0.0025
315.75366 0.9982 0.0025
315.75378 1.0040 0.0025
315.75389 1.0047 0.0025
315.75400 1.0007 0.0025
315.75414 1.0030 0.0025
315.75425 1.0006 0.0025
315.75436 1.0040 0.0025
315.75448 1.0004 0.0025
315.75459 0.9975 0.0025
315.75471 1.0018 0.0025
315.75482 1.0006 0.0025
315.75493 0.9999 0.0025
315.75505 0.9971 0.0025
315.75516 0.9992 0.0025
315.75527 0.9990 0.0025
315.75539 0.9989 0.0025
315.75550 1.0003 0.0025
315.75562 0.9984 0.0025
315.75573 0.9978 0.0025
315.75584 1.0012 0.0025
315.75596 0.9973 0.0025
315.75607 0.9967 0.0025
315.75619 1.0006 0.0025
315.75630 0.9978 0.0025
315.75644 0.9998 0.0025
315.75667 0.9981 0.0025
315.75678 1.0014 0.0025
315.75689 0.9986 0.0025
315.75701 0.9980 0.0025
315.75712 0.9997 0.0025
315.75724 1.0009 0.0025
315.75735 0.9995 0.0025
315.75746 1.0031 0.0025
315.75757 1.0030 0.0025
315.75769 1.0008 0.0025
315.75780 0.9983 0.0025
315.75791 1.0000 0.0025
315.75803 1.0020 0.0025
315.75814 1.0003 0.0025
315.75826 0.9984 0.0025
315.75837 0.9959 0.0025
315.75848 0.9991 0.0025
315.75859 1.0030 0.0025
315.75882 0.9988 0.0025
315.75893 1.0001 0.0025
315.75904 1.0002 0.0025
315.75916 0.9990 0.0025
315.75927 0.9972 0.0025
315.75938 0.9987 0.0025
315.75950 0.9988 0.0025
315.75961 1.0013 0.0025
315.75973 0.9990 0.0025
315.75984 0.9995 0.0025
315.75996 1.0027 0.0025
315.76007 0.9980 0.0025
315.76018 0.9965 0.0025
315.76030 1.0012 0.0025
315.76041 0.9965 0.0025
315.76053 0.9992 0.0025
315.76064 0.9977 0.0025
315.76076 1.0031 0.0025
315.76087 1.0044 0.0025
315.76098 0.9974 0.0025
315.76115 1.0014 0.0025
315.76127 1.0008 0.0025
315.76138 1.0016 0.0025
315.76149 0.9992 0.0025
315.76161 1.0032 0.0025
315.76172 1.0004 0.0025
315.76183 1.0014 0.0025
315.76195 1.0018 0.0025
315.76206 0.9977 0.0025
315.76218 1.0012 0.0025
315.76229 0.9982 0.0025
315.76240 0.9974 0.0025
315.76252 1.0001 0.0025
315.76263 1.0016 0.0025
315.76275 0.9984 0.0025
315.76286 1.0027 0.0025
315.76297 1.0020 0.0025
315.76309 0.9982 0.0025
315.76320 0.9992 0.0025
315.76332 1.0009 0.0025
315.76343 1.0000 0.0025
315.76355 0.9988 0.0025
315.76366 0.9986 0.0025
315.76377 0.9987 0.0025
315.76389 1.0042 0.0025
315.76400 1.0010 0.0025
315.76411 0.9984 0.0025
315.76423 0.9977 0.0025
315.76434 0.9957 0.0025
315.76445 1.0004 0.0025
315.76457 1.0000 0.0025
315.76468 0.9997 0.0025
315.76479 1.0025 0.0025
315.76491 0.9992 0.0025
315.76502 0.9984 0.0025
315.76514 0.9998 0.0025
315.76525 1.0015 0.0025
315.76536 1.0013 0.0025
315.76548 0.9964 0.0025
315.76559 1.0013 0.0025
315.76571 0.9998 0.0025
315.76582 1.0017 0.0025
315.76593 1.0007 0.0025
315.76605 0.9981 0.0025
315.76616 1.0005 0.0025
315.76627 0.9982 0.0025
315.76639 1.0006 0.0025
315.76650 1.0002 0.0025
315.76661 0.9980 0.0025
315.76673 0.9997 0.0025
315.76687 1.0015 0.0025
315.76699 0.9991 0.0025
315.76710 1.0027 0.0025
315.76721 1.0003 0.0025
315.76733 0.9963 0.0025
315.76744 1.0002 0.0025
315.76755 0.9985 0.0025
315.76767 0.9984 0.0025
315.76778 0.9994 0.0025
315.76790 0.9994 0.0025
315.76801 0.9979 0.0025
315.76812 0.9981 0.0025
315.76824 0.9981 0.0025
315.76835 1.0006 0.0025
315.76846 0.9987 0.0025
315.76858 0.9970 0.0025
315.76869 0.9996 0.0025
315.76880 0.9974 0.0025
315.76892 0.9986 0.0025
315.76903 0.9981 0.0025
315.76915 0.9997 0.0025
315.76926 1.0002 0.0025
315.76937 0.9995 0.0025
315.76949 1.0001 0.0025
315.76960 0.9984 0.0025
315.76972 1.0006 0.0025
315.76983 1.0002 0.0025
315.76994 0.9997 0.0025
315.77006 0.9998 0.0025
315.77018 0.9997 0.0025
315.77029 1.0009 0.0025
315.77040 1.0028 0.0025
315.77052 0.9976 0.0025
315.77063 0.9986 0.0025
315.77074 1.0006 0.0025
315.77086 1.0010 0.0025
315.77098 0.9995 0.0025
315.77109 0.9974 0.0025
315.77120 1.0014 0.0025
315.77131 1.0019 0.0025
315.77143 0.9963 0.0025
315.77154 0.9999 0.0025
315.77166 0.9989 0.0025
315.77177 0.9976 0.0025
315.77189 0.9985 0.0025
315.77200 0.9998 0.0025
315.77211 0.9995 0.0025
315.77223 0.9966 0.0025
315.77234 0.9984 0.0025
315.77245 1.0013 0.0025
315.77260 0.9969 0.0025
315.77272 1.0017 0.0025
315.77283 1.0031 0.0025
315.77295 0.9989 0.0025
315.77306 0.9986 0.0025
315.77318 0.9999 0.0025
315.77329 1.0006 0.0025
315.77340 0.9991 0.0025
315.77352 0.9966 0.0025
315.77363 1.0003 0.0025
315.77374 1.0038 0.0025
315.77386 1.0002 0.0025
315.77397 0.9956 0.0025
315.77409 0.9980 0.0025
315.77420 1.0005 0.0025
315.77431 0.9992 0.0025
315.77443 0.9988 0.0025
315.77454 0.9993 0.0025
315.77465 1.0008 0.0025
315.77477 1.0012 0.0025
315.77488 1.0024 0.0025
315.77499 1.0002 0.0025
315.77511 1.0012 0.0025
315.77522 1.0009 0.0025
315.77534 0.9989 0.0025
315.77545 0.9998 0.0025
315.77557 0.9990 0.0025
315.77568 1.0013 0.0025
315.77579 1.0040 0.0025
315.77591 1.0006 0.0025
315.77602 1.0028 0.0025
315.77614 0.9998 0.0025
315.77625 0.9957 0.0025
315.77636 1.0018 0.0025
315.77648 1.0043 0.0025
315.77659 0.9984 0.0025
315.77670 1.0021 0.0025
315.77682 1.0002 0.0025
315.77693 0.9973 0.0025
315.77705 1.0001 0.0025
315.77715 0.9992 0.0025
315.77727 0.9995 0.0025
315.77739 1.0055 0.0025
315.77750 0.9995 0.0025
315.77761 0.9967 0.0025
315.77772 0.9975 0.0025
315.77784 0.9973 0.0025
315.77796 0.9950 0.0025
315.77807 0.9922 0.0025
315.77818 0.9940 0.0025
315.77832 0.9955 0.0025
315.77844 0.9947 0.0025
315.77855 0.9980 0.0025
315.77866 0.9954 0.0025
315.77878 0.9932 0.0025
315.77889 0.9934 0.0025
315.77901 0.9927 0.0025
315.77912 0.9894 0.0025
315.77924 0.9919 0.0025
315.77935 0.9918 0.0025
315.77946 0.9947 0.0025
315.77958 0.9917 0.0025
315.77969 0.9915 0.0025
315.77980 0.9922 0.0025
315.77992 0.9897 0.0025
315.78003 0.9918 0.0025
315.78014 0.9891 0.0025
315.78026 0.9905 0.0025
315.78037 0.9906 0.0025
315.78049 0.9885 0.0025
315.78060 0.9913 0.0025
315.78071 0.9867 0.0025
315.78117 0.9889 0.0025
315.78128 0.9872 0.0025
315.78140 0.9865 0.0025
315.78151 0.9850 0.0025
315.78162 0.9845 0.0025
315.78174 0.9905 0.0025
315.78185 0.9896 0.0025
315.78196 0.9871 0.0025
315.78208 0.9847 0.0025
315.78219 0.9872 0.0025
315.78231 0.9877 0.0025
315.78242 0.9885 0.0025
315.78253 0.9857 0.0025
315.78265 0.9869 0.0025
315.78276 0.9880 0.0025
315.78287 0.9861 0.0025
315.78299 0.9881 0.0025
315.78310 0.9859 0.0025
315.78322 0.9831 0.0025
315.78333 0.9845 0.0025
315.78345 0.9872 0.0025
315.78356 0.9835 0.0025
315.78367 0.9840 0.0025
315.78378 0.9842 0.0025
315.78390 0.9872 0.0025
315.78404 0.9875 0.0025
315.78415 0.9849 0.0025
315.78427 0.9836 0.0025
315.78438 0.9833 0.0025
315.78449 0.9861 0.0025
315.78461 0.9842 0.0025
315.78472 0.9822 0.0025
315.78483 0.9839 0.0025
315.78495 0.9885 0.0025
315.78506 0.9870 0.0025
315.78518 0.9853 0.0025
315.78529 0.9864 0.0025
315.78540 0.9817 0.0025
315.78552 0.9831 0.0025
315.78563 0.9854 0.0025
315.78574 0.9846 0.0025
315.78586 0.9850 0.0025
315.78597 0.9835 0.0025
315.78609 0.9845 0.0025
315.78620 0.9843 0.0025
315.78631 0.9839 0.0025
315.78643 0.9858 0.0025
315.78654 0.9850 0.0025
315.78666 0.9867 0.0025
315.78677 0.9845 0.0025
315.78688 0.9847 0.0025
315.78700 0.9862 0.0025
315.78711 0.9844 0.0025
315.78723 0.9845 0.0025
315.78734 0.9856 0.0025
315.78746 0.9819 0.0025
315.78757 0.9847 0.0025
315.78768 0.9830 0.0025
315.78780 0.9825 0.0025
315.78791 0.9859 0.0025
315.78802 0.9851 0.0025
315.78814 0.9843 0.0025
315.78825 0.9852 0.0025
315.78837 0.9857 0.0025
315.78848 0.9844 0.0025
315.78859 0.9845 0.0025
315.78871 0.9864 0.0025
315.78882 0.9855 0.0025
315.78893 0.9822 0.0025
315.78905 0.9846 0.0025
315.78916 0.9857 0.0025
315.78928 0.9822 0.0025
315.78939 0.9833 0.0025
315.78950 0.9839 0.0025
315.78962 0.9855 0.0025
315.78975 0.9839 0.0025
315.78986 0.9851 0.0025
315.78998 0.9804 0.0025
315.79009 0.9874 0.0025
315.79021 0.9854 0.0025
315.79032 0.9857 0.0025
315.79043 0.9841 0.0025
315.79055 0.9851 0.0025
315.79066 0.9851 0.0025
315.79077 0.9843 0.0025
315.79089 0.9837 0.0025
315.79100 0.9829 0.0025
315.79112 0.9826 0.0025
315.79123 0.9834 0.0025
315.79134 0.9852 0.0025
315.79146 0.9802 0.0025
315.79157 0.9814 0.0025
315.79169 0.9837 0.0025
315.79180 0.9859 0.0025
315.79191 0.9843 0.0025
315.79203 0.9835 0.0025
315.79214 0.9820 0.0025
315.79225 0.9848 0.0025
315.79237 0.9845 0.0025
315.79248 0.9799 0.0025
315.79260 0.9848 0.0025
315.79271 0.9829 0.0025
315.79282 0.9833 0.0025
315.79294 0.9853 0.0025
315.79305 0.9826 0.0025
315.79316 0.9820 0.0025
315.79328 0.9849 0.0025
315.79339 0.9836 0.0025
315.79351 0.9862 0.0025
315.79362 0.9796 0.0025
315.79374 0.9819 0.0025
315.79385 0.9814 0.0025
315.79396 0.9853 0.0025
315.79407 0.9852 0.0025
315.79419 0.9877 0.0025
315.79430 0.9862 0.0025
315.79442 0.9852 0.0025
315.79453 0.9822 0.0025
315.79465 0.9866 0.0025
315.79476 0.9841 0.0025
315.79487 0.9849 0.0025
315.79499 0.9822 0.0025
315.79510 0.9828 0.0025
315.79522 0.9842 0.0025
315.79533 0.9845 0.0025
315.79546 0.9822 0.0025
315.79558 0.9834 0.0025
315.79569 0.9817 0.0025
315.79580 0.9823 0.0025
315.79592 0.9851 0.0025
315.79603 0.9823 0.0025
315.79615 0.9842 0.0025
315.79626 0.9834 0.0025
315.79638 0.9882 0.0025
315.79649 0.9845 0.0025
315.79660 0.9832 0.0025
315.79672 0.9846 0.0025
315.79683 0.9829 0.0025
315.79695 0.9821 0.0025
315.79706 0.9836 0.0025
315.79717 0.9821 0.0025
315.79729 0.9864 0.0025
315.79740 0.9853 0.0025
315.79752 0.9854 0.0025
315.79763 0.9826 0.0025
315.79774 0.9841 0.0025
315.79785 0.9852 0.0025
315.79797 0.9843 0.0025
315.79808 0.9824 0.0025
315.79820 0.9838 0.0025
315.79831 0.9841 0.0025
315.79843 0.9855 0.0025
315.79854 0.9833 0.0025
315.79865 0.9873 0.0025
315.79877 0.9818 0.0025
315.79888 0.9858 0.0025
315.79899 0.9885 0.0025
315.79911 0.9842 0.0025
315.79922 0.9845 0.0025
315.79933 0.9819 0.0025
315.79945 0.9813 0.0025
315.79957 0.9854 0.0025
315.79968 0.9861 0.0025
315.79979 0.9842 0.0025
315.79991 0.9869 0.0025
315.80002 0.9848 0.0025
315.80013 0.9840 0.0025
315.80025 0.9832 0.0025
315.80036 0.9829 0.0025
315.80048 0.9853 0.0025
315.80059 0.9831 0.0025
315.80071 0.9814 0.0025
315.80082 0.9835 0.0025
315.80093 0.9847 0.0025
315.80104 0.9848 0.0025
315.80118 0.9843 0.0025
315.80129 0.9852 0.0025
315.80141 0.9831 0.0025
315.80152 0.9839 0.0025
315.80164 0.9843 0.0025
315.80175 0.9814 0.0025
315.80186 0.9854 0.0025
315.80198 0.9833 0.0025
315.80209 0.9860 0.0025
315.80220 0.9846 0.0025
315.80232 0.9852 0.0025
315.80243 0.9834 0.0025
315.80255 0.9844 0.0025
315.80266 0.9875 0.0025
315.80277 0.9847 0.0025
315.80289 0.9830 0.0025
315.80300 0.9849 0.0025
315.80312 0.9844 0.0025
315.80324 0.9838 0.0025
315.80335 0.9849 0.0025
315.80346 0.9834 0.0025
315.80358 0.9870 0.0025
315.80370 0.9869 0.0025
315.80381 0.9844 0.0025
315.80393 0.9872 0.0025
315.80404 0.9832 0.0025
315.80416 0.9838 0.0025
315.80427 0.9856 0.0025
315.80439 0.9862 0.0025
315.80451 0.9819 0.0025
315.80462 0.9879 0.0025
315.80473 0.9868 0.0025
315.80485 0.9820 0.0025
315.80496 0.9862 0.0025
315.80507 0.9854 0.0025
315.80518 0.9868 0.0025
315.80530 0.9851 0.0025
315.80541 0.9849 0.0025
315.80553 0.9852 0.0025
315.80564 0.9841 0.0025
315.80576 0.9839 0.0025
315.80587 0.9832 0.0025
315.80598 0.9869 0.0025
315.80609 0.9882 0.0025
315.80621 0.9853 0.0025
315.80632 0.9857 0.0025
315.80644 0.9835 0.0025
315.80655 0.9842 0.0025
315.80666 0.9859 0.0025
315.80678 0.9845 0.0025
315.80692 0.9866 0.0025
315.80703 0.9852 0.0025
315.80715 0.9862 0.0025
315.80726 0.9864 0.0025
315.80737 0.9849 0.0025
315.80749 0.9879 0.0025
315.80760 0.9880 0.0025
315.80771 0.9865 0.0025
315.80783 0.9890 0.0025
315.80794 0.9884 0.0025
315.80806 0.9878 0.0025
315.80817 0.9862 0.0025
315.80828 0.9854 0.0025
315.80840 0.9884 0.0025
315.80851 0.9887 0.0025
315.80863 0.9875 0.0025
315.80874 0.9873 0.0025
315.80885 0.9880 0.0025
315.80897 0.9872 0.0025
315.80908 0.9899 0.0025
315.80919 0.9891 0.0025
315.80931 0.9894 0.0025
315.80942 0.9875 0.0025
315.80954 0.9899 0.0025
315.80965 0.9900 0.0025
315.80976 0.9933 0.0025
315.80987 0.9899 0.0025
315.80999 0.9927 0.0025
315.81011 0.9941 0.0025
315.81022 0.9931 0.0025
315.81033 0.9935 0.0025
315.81045 0.9917 0.0025
315.81056 0.9953 0.0025
315.81067 0.9970 0.0025
315.81079 0.9961 0.0025
315.81090 0.9938 0.0025
315.81102 0.9962 0.0025
315.81113 0.9973 0.0025
315.81124 0.9965 0.0025
315.81136 0.9978 0.0025
315.81147 0.9975 0.0025
315.81158 0.9973 0.0025
315.81170 0.9975 0.0025
315.81181 0.9973 0.0025
315.81193 0.9980 0.0025
315.81204 0.9971 0.0025
315.81215 0.9939 0.0025
315.81227 0.9988 0.0025
315.81238 0.9970 0.0025
315.81250 1.0001 0.0025
315.81270 1.0002 0.0025
315.81281 0.9983 0.0025
315.81293 0.9943 0.0025
315.81304 0.9971 0.0025
315.81315 0.9967 0.0025
315.81327 1.0056 0.0025
315.81339 0.9991 0.0025
315.81350 1.0051 0.0025
315.81361 0.9992 0.0025
315.81373 1.0014 0.0025
315.81384 0.9997 0.0025
315.81395 0.9984 0.0025
315.81406 1.0000 0.0025
315.81418 1.0001 0.0025
315.81429 1.0005 0.0025
315.81441 0.9986 0.0025
315.81452 0.9973 0.0025
315.81464 0.9992 0.0025
315.81475 0.9979 0.0025
315.81486 1.0001 0.0025
315.81498 1.0014 0.0025
315.81509 0.9987 0.0025
315.81521 0.9983 0.0025
315.81532 0.9987 0.0025
315.81543 0.9996 0.0025
315.81555 1.0019 0.0025
315.81566 1.0004 0.0025
315.81577 0.9972 0.0025
315.81589 0.9975 0.0025
315.81600 0.9996 0.0025
315.81612 1.0013 0.0025
315.81623 0.9989 0.0025
315.81634 0.9973 0.0025
315.81646 0.9993 0.0025
315.81657 0.9998 0.0025
315.81669 1.0004 0.0025
315.81691 1.0063 0.0025
315.81703 1.0025 0.0025
315.81714 1.0004 0.0025
315.81726 0.9997 0.0025
315.81737 0.9998 0.0025
315.81749 1.0042 0.0025
315.81760 1.0056 0.0025
315.81783 0.9989 0.0025
315.81794 1.0022 0.0025
315.81805 0.9974 0.0025
315.81817 0.9964 0.0025
315.81828 0.9964 0.0025
315.81841 0.9984 0.0025
315.81853 1.0021 0.0025
315.81864 0.9988 0.0025
315.81875 1.0010 0.0025
315.81886 1.0002 0.0025
315.81898 0.9998 0.0025
315.81909 1.0008 0.0025
315.81921 1.0003 0.0025
315.81932 1.0011 0.0025
315.81944 0.9995 0.0025
315.81955 0.9985 0.0025
315.81966 1.0005 0.0025
315.81977 0.9979 0.0025
315.81989 1.0036 0.0025
315.82001 0.9965 0.0025
315.82012 0.9984 0.0025
315.82023 1.0016 0.0025
315.82035 1.0002 0.0025
315.82046 1.0006 0.0025
315.82058 0.9985 0.0025
315.82069 1.0007 0.0025
315.82080 0.9999 0.0025
315.82092 0.9988 0.0025
315.82103 0.9987 0.0025
315.82114 1.0057 0.0025
315.82126 0.9995 0.0025
315.82137 1.0043 0.0025
315.82149 0.9996 0.0025
315.82160 0.9982 0.0025
315.82171 1.0009 0.0025
315.82183 1.0010 0.0025
315.82194 0.9996 0.0025
315.82205 1.0011 0.0025
315.82217 1.0003 0.0025
315.82228 1.0014 0.0025
315.82240 0.9993 0.0025
315.82251 0.9953 0.0025
315.82262 0.9987 0.0025
315.82274 1.0015 0.0025
315.82285 1.0023 0.0025
315.82296 1.0048 0.0025
315.82308 0.9993 0.0025
315.82319 1.0017 0.0025
315.82331 1.0018 0.0025
315.82342 1.0022 0.0025
315.82354 1.0019 0.0025
315.82365 0.9976 0.0025
315.82376 0.9982 0.0025
315.82387 0.9990 0.0025
315.82399 1.0030 0.0025
315.82412 0.9994 0.0025
315.82424 0.9994 0.0025
315.82435 1.0016 0.0025
315.82446 1.0020 0.0025
315.82458 0.9964 0.0025
315.82469 1.0034 0.0025
315.82480 1.0000 0.0025
315.82492 0.9998 0.0025
315.82503 0.9992 0.0025
315.82515 1.0020 0.0025
315.82526 1.0012 0.0025
315.82538 0.9971 0.0025
315.82549 1.0014 0.0025
315.82560 0.9985 0.0025
315.82572 0.9999 0.0025
315.82583 1.0019 0.0025
315.82595 0.9933 0.0025
315.82618 1.0075 0.0025
315.82629 1.0025 0.0025
315.82652 1.0006 0.0025
315.82663 1.0023 0.0025
315.82674 0.9969 0.0025
315.82686 1.0004 0.0025
315.82698 1.0026 0.0025
315.82709 0.9983 0.0025
315.82720 0.9968 0.0025
315.82731 1.0030 0.0025
315.82743 0.9983 0.0025
315.82755 1.0004 0.0025
315.82766 0.9982 0.0025
315.82777 1.0000 0.0025
315.82789 1.0030 0.0025
315.82800 0.9990 0.0025
315.82811 1.0001 0.0025
315.82823 1.0015 0.0025
315.82834 1.0012 0.0025
315.82845 0.9956 0.0025
315.82857 1.0013 0.0025
315.82868 1.0019 0.0025
315.82880 1.0022 0.0025
315.82891 0.9986 0.0025
315.82902 0.9988 0.0025
315.82914 1.0019 0.0025
315.82925 0.9992 0.0025
315.82937 1.0017 0.0025
315.82948 1.0030 0.0025
315.82959 0.9989 0.0025
315.82971 1.0015 0.0025
315.82985 1.0006 0.0025
315.82997 0.9956 0.0025
315.83008 0.9983 0.0025
315.83020 1.0015 0.0025
315.83031 1.0008 0.0025
315.83042 0.9995 0.0025
315.83054 0.9945 0.0025
315.83065 0.9995 0.0025
315.83077 0.9983 0.0025
315.83088 1.0001 0.0025
315.83099 1.0002 0.0025
315.83111 0.9979 0.0025
315.83122 0.9994 0.0025
315.83133 0.9987 0.0025
315.83145 1.0031 0.0025
315.83156 1.0010 0.0025
315.83168 0.9992 0.0025
315.83179 0.9985 0.0025
315.83190 1.0007 0.0025
315.83202 0.9988 0.0025
315.83213 0.9984 0.0025
315.83224 0.9999 0.0025
315.83236 0.9989 0.0025
315.83247 1.0013 0.0025
315.83259 0.9998 0.0025
315.83270 0.9977 0.0025
315.83281 1.0016 0.0025
315.83293 0.9997 0.0025
315.83304 1.0000 0.0025
315.83315 1.0016 0.0025
315.83327 1.0018 0.0025
315.83338 0.9995 0.0025
315.83350 0.9986 0.0025
315.83361 0.9961 0.0025
315.83373 0.9977 0.0025
315.83384 0.9990 0.0025
315.83395 0.9996 0.0025
315.83407 0.9984 0.0025
315.83418 1.0012 0.0025
315.83429 1.0002 0.0025
315.83441 1.0006 0.0025
315.83452 1.0017 0.0025
315.83463 1.0011 0.0025
315.83475 0.9999 0.0025
315.83486 0.9968 0.0025
315.83498 1.0009 0.0025
315.83509 0.9998 0.0025
315.83521 1.0016 0.0025
315.83532 1.0009 0.0025
315.83543 0.9978 0.0025
315.83557 0.9997 0.0025
315.83568 1.0000 0.0025
315.83580 0.9970 0.0025
315.83591 0.9998 0.0025
315.83602 1.0019 0.0025
315.83614 0.9986 0.0025
315.83625 0.9985 0.0025
315.83637 1.0000 0.0025
315.83648 0.9984 0.0025
315.83659 0.9993 0.0025
315.83671 0.9984 0.0025
315.83682 1.0016 0.0025
315.83694 1.0002 0.0025
315.83705 1.0008 0.0025
315.83716 0.9964 0.0025
315.83727 0.9972 0.0025
315.83739 1.0024 0.0025
315.83750 1.0015 0.0025
315.83762 0.9997 0.0025
315.83773 0.9995 0.0025
315.83784 0.9969 0.0025
315.83796 1.0048 0.0025
315.83807 1.0023 0.0025
315.83819 1.0003 0.0025
315.83830 0.9999 0.0025
315.83841 0.9987 0.0025
315.83853 0.9999 0.0025
315.83864 1.0008 0.0025
315.83876 1.0015 0.0025
315.83887 1.0007 0.0025
315.83899 1.0011 0.0025
315.83910 1.0008 0.0025
315.83922 1.0009 0.0025
315.83933 1.0007 0.0025
315.83945 0.9999 0.0025
315.83956 1.0005 0.0025
315.83967 1.0041 0.0025
315.83979 1.0009 0.0025
315.83990 1.0014 0.0025
315.84001 1.0006 0.0025
315.84013 1.0015 0.0025
315.84024 1.0009 0.0025
315.84036 0.9999 0.0025
315.84047 0.9979 0.0025
315.84058 0.9994 0.0025
315.84070 1.0036 0.0025
315.84081 0.9991 0.0025
315.84093 1.0019 0.0025
315.84104 0.9965 0.0025
315.84115 0.9986 0.0025
315.84128 1.0008 0.0025
315.84140 0.9998 0.0025
315.84151 1.0015 0.0025
315.84163 1.0027 0.0025
315.84174 1.0013 0.0025
315.84185 1.0016 0.0025
315.84197 1.0016 0.0025
315.84208 0.9995 0.0025
315.84220 1.0024 0.0025
315.84231 1.0005 0.0025
315.84243 1.0015 0.0025
315.84254 1.0002 0.0025
315.84265 0.9989 0.0025
315.84277 0.9981 0.0025
315.84288 1.0002 0.0025
315.84299 0.9964 0.0025
315.84311 1.0040 0.0025
315.84322 0.9970 0.0025
315.84334 0.9980 0.0025
315.84345 1.0002 0.0025
315.84368 1.0023 0.0025
315.84379 1.0013 0.0025
315.84390 1.0015 0.0025
315.84402 1.0017 0.0025
315.84413 1.0065 0.0025
315.84425 0.9991 0.0025
315.84436 0.9972 0.0025
315.84447 1.0003 0.0025
315.84459 1.0001 0.0025
315.84470 1.0019 0.0025
315.84482 1.0012 0.0025
315.84493 0.9992 0.0025
315.84504 0.9964 0.0025
315.84516 0.9960 0.0025
315.84527 0.9982 0.0025
315.84539 1.0010 0.0025
315.84550 1.0019 0.0025
315.84561 1.0017 0.0025
315.84573 0.9986 0.0025
315.84584 0.9995 0.0025
315.84595 0.9996 0.0025
315.84607 1.0005 0.0025
315.84618 1.0034 0.0025
315.84630 0.9988 0.0025
315.84641 0.9991 0.0025
315.84653 0.9997 0.0025
315.84664 1.0010 0.0025
315.84675 1.0005 0.0025
315.84687 1.0011 0.0025
315.84706 0.9970 0.0025
315.84718 0.9978 0.0025
315.84729 0.9996 0.0025
315.84741 1.0008 0.0025
315.84752 0.9995 0.0025
315.84763 0.9998 0.0025
315.84775 1.0005 0.0025
315.84786 1.0011 0.0025
315.84797 1.0001 0.0025
315.84809 1.0034 0.0025
315.84820 0.9980 0.0025
315.84831 0.9985 0.0025
315.84843 1.0009 0.0025
315.84854 0.9996 0.0025
315.84866 0.9988 0.0025
315.84877 0.9976 0.0025
315.84888 0.9988 0.0025
315.84900 0.9989 0.0025
315.84911 0.9988 0.0025
315.84923 1.0015 0.0025
315.84934 0.9979 0.0025
315.84946 1.0027 0.0025
315.84956 1.0014 0.0025
315.84968 1.0016 0.0025
315.84979 0.9999 0.0025
315.84991 0.9986 0.0025
315.85002 1.0024 0.0025
315.85014 0.9990 0.0025
315.85025 1.0023 0.0025
315.85036 1.0005 0.0025
315.85048 0.9986 0.0025
315.85059 0.9988 0.0025
315.85070 0.9979 0.0025
315.85082 0.9994 0.0025
315.85093 0.9988 0.0025
315.85105 0.9960 0.0025
315.85116 0.9980 0.0025
315.85128 1.0003 0.0025
315.85139 0.9965 0.0025
315.85150 0.9984 0.0025
315.85162 1.0035 0.0025
315.85173 0.9969 0.0025
315.85184 0.9990 0.0025
315.85196 0.9985 0.0025
315.85207 1.0006 0.0025
315.85219 1.0011 0.0025
315.85230 0.9993 0.0025
315.85241 0.9985 0.0025
315.85253 0.9957 0.0025
315.85264 1.0041 0.0025
315.85312 1.0018 0.0025
315.85324 0.9968 0.0025
315.85335 0.9981 0.0025
315.85347 1.0022 0.0025
315.85358 0.9980 0.0025
315.85369 0.9976 0.0025
315.85381 1.0011 0.0025
315.85392 0.9994 0.0025
315.85404 0.9993 0.0025
315.85415 1.0021 0.0025
315.85427 1.0009 0.0025
315.85438 0.9969 0.0025
315.85449 1.0005 0.0025
315.85461 1.0019 0.0025
315.85472 0.9999 0.0025
315.85484 0.9993 0.0025
315.85495 1.0000 0.0025
315.85506 0.9997 0.0025
315.85518 0.9992 0.0025
315.85529 1.0010 0.0025
315.85540 1.0007 0.0025
315.85552 1.0002 0.0025
315.85563 0.9986 0.0025
315.85575 0.9972 0.0025
315.85586 1.0016 0.0025
315.85597 0.9990 0.0025
315.85609 0.9973 0.0025
315.85620 1.0014 0.0025
315.85631 1.0013 0.0025
315.85643 0.9981 0.0025
315.85654 0.9993 0.0025
315.85666 0.9985 0.0025
315.85677 0.9963 0.0025
315.85688 0.9982 0.0025
315.85700 0.9971 0.0025
315.85711 0.9992 0.0025
315.85722 0.9982 0.0025
315.85734 0.9995 0.0025
315.85745 0.9992 0.0025
315.85757 0.9975 0.0025
315.85768 1.0002 0.0025
315.85780 1.0019 0.0025
315.85791 0.9978 0.0025
315.85802 1.0023 0.0025
315.85814 0.9996 0.0025
315.85825 1.0034 0.0025
315.85836 0.9970 0.0025
315.85848 0.9974 0.0025
315.85859 1.0010 0.0025
315.85871 1.0002 0.0025
315.85882 1.0001 0.0025
315.85893 1.0000 0.0025
315.85904 0.9980 0.0025
315.85916 0.9998 0.0025
315.85928 0.9996 0.0025
315.85939 0.9998 0.0025
315.85950 1.0014 0.0025
315.85961 0.9995 0.0025
315.85973 1.0014 0.0025
315.85984 0.9961 0.0025
315.85996 1.0031 0.0025
315.86007 0.9988 0.0025
315.86019 0.9998 0.0025
315.86030 1.0019 0.0025
315.86041 0.9963 0.0025
315.86053 1.0042 0.0025
315.86064 0.9965 0.0025
315.86075 0.9997 0.0025
315.86087 0.9967 0.0025
315.86098 1.0030 0.0025
315.86109 0.9994 0.0025
315.86121 0.9965 0.0025
315.86133 0.9978 0.0025
315.86144 1.0012 0.0025
315.86155 0.9999 0.0025
315.86167 0.9989 0.0025
315.86178 0.9999 0.0025
315.86190 1.0011 0.0025
315.86201 0.9997 0.0025
315.86212 1.0006 0.0025
315.86224 1.0007 0.0025
315.86235 0.9992 0.0025
315.86247 1.0024 0.0025
315.86258 1.0003 0.0025
315.86269 1.0046 0.0025
315.86281 1.0035 0.0025
315.86292 1.0024 0.0025
315.86304 1.0007 0.0025
315.86315 1.0034 0.0025
315.86326 1.0009 0.0025
315.86338 0.9996 0.0025
315.86349 1.0008 0.0025
315.86361 1.0020 0.0025
315.86372 0.9985 0.0025
315.86383 0.9980 0.0025
315.86395 1.0018 0.0025
315.86406 0.9993 0.0025
315.86418 1.0045 0.0025
315.86429 1.0007 0.0025
315.86441 1.0010 0.0025
315.86454 1.0008 0.0025
315.86465 1.0014 0.0025
315.86476 1.0009 0.0025
315.86488 0.9963 0.0025
315.86500 1.0030 0.0025
315.86511 0.9986 0.0025
315.86522 0.9959 0.0025
315.86534 1.0009 0.0025
315.86545 0.9991 0.0025
315.86556 1.0025 0.0025
315.86568 1.0033 0.0025
315.86579 0.9947 0.0025
315.86591 0.9980 0.0025
315.86602 1.0017 0.0025
315.86613 1.0006 0.0025
315.86625 1.0027 0.0025
315.86636 1.0018 0.0025
315.86647 0.9984 0.0025
315.86659 1.0051 0.0025
315.86670 0.9979 0.0025
315.86681 0.9984 0.0025
315.86693 0.9994 0.0025
315.86704 1.0019 0.0025
315.86716 1.0025 0.0025
315.86727 0.9975 0.0025
315.86739 1.0004 0.0025
315.86750 0.9988 0.0025
315.86761 1.0021 0.0025
315.86773 0.9969 0.0025
315.86784 1.0019 0.0025
315.86796 1.0027 0.0025
315.86807 0.9972 0.0025
315.86818 1.0013 0.0025
315.86830 0.9969 0.0025
315.86841 1.0013 0.0025
315.86853 0.9995 0.0025
315.86864 1.0032 0.0025
315.86875 0.9995 0.0025
315.86887 0.9994 0.0025
315.86898 1.0056 0.0025
315.86909 0.9990 0.0025
315.86921 0.9996 0.0025
315.86932 0.9998 0.0025
315.86944 0.9994 0.0025
315.86955 1.0001 0.0025
315.86967 1.0044 0.0025
315.86978 1.0044 0.0025
315.86989 0.9998 0.0025
315.87001 1.0006 0.0025
315.87012 1.0003 0.0025
315.87023 0.9976 0.0025
315.87035 0.9979 0.0025
315.87046 0.9998 0.0025
315.87057 0.9971 0.0025
315.87069 0.9996 0.0025
315.87080 0.9982 0.0025
315.87091 1.0024 0.0025
315.87103 1.0015 0.0025
315.87114 1.0023 0.0025
315.87126 1.0013 0.0025
315.87137 1.0009 0.0025
315.87149 0.9984 0.0025
315.87160 1.0023 0.0025
315.87171 0.9973 0.0025
315.87183 1.0009 0.0025
315.87194 1.0006 0.0025
315.87205 1.0000 0.0025
315.87217 1.0004 0.0025
315.87228 1.0007 0.0025
315.87240 0.9973 0.0025
315.87251 0.9996 0.0025
315.87262 0.9989 0.0025
315.87274 0.9998 0.0025
315.87285 1.0004 0.0025
315.87296 0.9991 0.0025
315.87308 0.9999 0.0025
315.87319 1.0039 0.0025
315.87331 1.0025 0.0025
315.87342 1.0011 0.0025
315.87353 0.9997 0.0025
315.87365 0.9998 0.0025
315.87376 0.9984 0.0025
315.87388 0.9998 0.0025
315.87399 0.9993 0.0025
315.87410 1.0008 0.0025
315.87422 1.0046 0.0025
315.87433 0.9992 0.0025
315.87444 1.0028 0.0025
315.87456 1.0005 0.0025
315.87467 0.9986 0.0025
315.87479 1.0011 0.0025
315.87490 1.0007 0.0025
315.87502 1.0006 0.0025
315.87513 1.0001 0.0025
315.87525 0.9999 0.0025
315.87536 1.0002 0.0025
315.87547 0.9960 0.0025
315.87559 1.0016 0.0025
315.87570 1.0013 0.0025
315.87581 1.0005 0.0025
315.87596 0.9996 0.0025
315.87608 1.0005 0.0025
315.87619 0.9986 0.0025
315.87631 0.9991 0.0025
315.87642 0.9991 0.0025
315.87653 1.0011 0.0025
315.87665 0.9977 0.0025
315.87676 0.9971 0.0025
315.87687 1.0022 0.0025
315.87699 1.0027 0.0025
315.87710 1.0038 0.0025
315.87722 0.9998 0.0025
315.87733 1.0054 0.0025
315.87744 1.0007 0.0025
315.87755 1.0022 0.0025
315.87767 1.0015 0.0025
315.87778 0.9942 0.0025
315.87790 0.9996 0.0025
315.87801 1.0032 0.0025
315.87812 0.9988 0.0025
315.87824 1.0045 0.0025
315.87835 1.0060 0.0025
315.87847 0.9985 0.0025
315.87858 0.9988 0.0025
315.87869 1.0014 0.0025
315.87881 0.9936 0.0025
315.87892 1.0043 0.0025
315.87904 1.0044 0.0025
315.87915 0.9984 0.0025
315.87926 1.0006 0.0025
315.87938 1.0004 0.0025
315.87949 0.9977 0.0025
315.87961 1.0019 0.0025
315.87972 1.0014 0.0025
315.87984 0.9954 0.0025
315.87995 1.0007 0.0025
315.88006 1.0019 0.0025
315.88018 0.9973 0.0025
315.88029 1.0049 0.0025
315.88040 1.0056 0.0025
315.88052 0.9943 0.0025
315.88063 1.0029 0.0025
315.88074 1.0027 0.0025
315.88086 1.0001 0.0025
315.88097 1.0005 0.0025
315.88108 1.0022 0.0025
315.88120 0.9981 0.0025
315.88131 1.0022 0.0025
315.88143 1.0030 0.0025
315.88154 1.0025 0.0025
315.88166 0.9986 0.0025
315.88177 0.9984 0.0025
315.88188 0.9977 0.0025
315.88200 1.0008 0.0025
315.88211 0.9994 0.0025
315.88222 0.9968 0.0025
315.88234 1.0024 0.0025
315.88245 0.9975 0.0025
315.88256 1.0002 0.0025
315.88268 1.0009 0.0025
315.88279 0.9998 0.0025
315.88291 1.0030 0.0025
315.88302 0.9963 0.0025
315.88314 0.9985 0.0025
315.88325 1.0026 0.0025
315.88336 0.9987 0.0025
315.88348 0.9962 0.0025
315.88359 0.9983 0.0025
315.88370 1.0002 0.0025
315.88382 0.9982 0.0025
315.88394 0.9970 0.0025
315.88405 1.0012 0.0025
315.88416 0.9991 0.0025
315.88428 0.9982 0.0025
315.88439 0.9996 0.0025
315.88450 0.9969 0.0025
315.88462 0.9990 0.0025
315.88473 1.0029 0.0025

#=== 1466 points for 1466 records
