# time flux err_flux
1.327031363208595621e+03 8.472678710937500000e+03 1.141556358337402344e+01
1.327032752110023694e+03 8.465908203125000000e+03 1.141934680938720703e+01
1.327034141011393785e+03 8.472858398437500000e+03 1.141163730621337891e+01
1.327035529912822085e+03 8.460321289062500000e+03 1.140932559967041016e+01
1.327036918814250157e+03 8.468194335937500000e+03 1.141195678710937500e+01
1.327038307715620022e+03 8.451333984375000000e+03 1.140895175933837891e+01
1.327039696617048321e+03 8.482583007812500000e+03 1.141271781921386719e+01
1.327041085518418413e+03 8.465457031250000000e+03 1.140773010253906250e+01
1.327042474419846485e+03 8.447088867187500000e+03 1.141275596618652344e+01
1.327043863321216350e+03 8.468240234375000000e+03 1.141125106811523438e+01
1.327045252222645331e+03 8.469830078125000000e+03 1.140520286560058594e+01
1.327046641124015423e+03 8.471039062500000000e+03 1.141146945953369141e+01
1.327048030025442813e+03 8.461012695312500000e+03 1.140895080566406250e+01
1.327049418926813587e+03 8.467944335937500000e+03 1.141453361511230469e+01
1.327050807828241659e+03 8.458120117187500000e+03 1.140542316436767578e+01
1.327052196729669276e+03 8.473503906250000000e+03 1.141248416900634766e+01
1.327053585631040050e+03 8.467621093750000000e+03 1.140902137756347656e+01
1.327054974532468123e+03 8.461617187500000000e+03 1.140524482727050781e+01
1.327056363433837532e+03 8.469808593750000000e+03 1.141366958618164062e+01
1.327057752335266514e+03 8.463974609375000000e+03 1.140904712677001953e+01
1.327059141236637061e+03 8.471398437500000000e+03 1.141403388977050781e+01
1.327060530138064451e+03 8.461788085937500000e+03 1.140682315826416016e+01
1.327061919039434542e+03 8.471983398437500000e+03 1.141630744934082031e+01
1.327063307940863297e+03 8.467215820312500000e+03 1.140823745727539062e+01
1.327064696842232706e+03 8.481806640625000000e+03 1.141594696044921875e+01
1.327066085743660778e+03 8.468361328125000000e+03 1.141815280914306641e+01
1.327067474645031552e+03 8.448432617187500000e+03 1.140669345855712891e+01
1.327068863546459852e+03 8.460196289062500000e+03 1.140254116058349609e+01
1.327070252447829944e+03 8.468229492187500000e+03 1.141261482238769531e+01
1.327071641349258016e+03 8.459604492187500000e+03 1.140647697448730469e+01
1.327073030250628790e+03 8.459123046875000000e+03 1.142011356353759766e+01
1.327074419151998654e+03 8.451315429687500000e+03 1.140263748168945312e+01
1.327075808053426272e+03 8.453612304687500000e+03 1.141063022613525391e+01
1.327077196954796818e+03 8.488899414062500000e+03 1.143070697784423828e+01
1.327078585856225118e+03 8.451658203125000000e+03 1.141045570373535156e+01
1.327079974757594528e+03 8.462820312500000000e+03 1.141262149810791016e+01
1.327081363659023282e+03 8.473009765625000000e+03 1.141619205474853516e+01
1.327082752560393374e+03 8.453894531250000000e+03 1.140481090545654297e+01
1.327084141461820764e+03 8.448546875000000000e+03 1.140168571472167969e+01
1.327085530363191310e+03 8.460342773437500000e+03 1.141494178771972656e+01
1.327086919264619610e+03 8.474651367187500000e+03 1.141910839080810547e+01
1.327088308165988792e+03 8.437894531250000000e+03 1.140636062622070312e+01
1.327089697067417774e+03 8.472044921875000000e+03 1.141174697875976562e+01
1.327091085968788548e+03 8.453718750000000000e+03 1.140547752380371094e+01
1.327092474870157957e+03 8.451718750000000000e+03 1.140725994110107422e+01
1.327093863771586030e+03 8.476078125000000000e+03 1.142510414123535156e+01
1.327095252672956804e+03 8.466677734375000000e+03 1.141455078125000000e+01
1.327096641574384194e+03 8.455420898437500000e+03 1.140970039367675781e+01
1.327098030475754285e+03 8.448378906250000000e+03 1.140704727172851562e+01
1.327099419377183040e+03 8.464642578125000000e+03 1.140917110443115234e+01
1.327100808278552222e+03 8.448053710937500000e+03 1.140766811370849609e+01
1.327102197179922541e+03 8.472747070312500000e+03 1.141664028167724609e+01
1.327103586081351295e+03 8.446557617187500000e+03 1.140876007080078125e+01
1.327104974982721387e+03 8.486058593750000000e+03 1.142465782165527344e+01
1.327106363884149459e+03 8.446865234375000000e+03 1.140426063537597656e+01
1.327107752785519324e+03 8.467461914062500000e+03 1.141184711456298828e+01
1.327109141686890098e+03 8.457074218750000000e+03 1.140640449523925781e+01
1.327110530588318170e+03 8.463318359375000000e+03 1.141041374206542969e+01
1.327111919489687580e+03 8.448349609375000000e+03 1.141477489471435547e+01
1.327113308391116561e+03 8.447957031250000000e+03 1.140237331390380859e+01
1.327114697292486426e+03 8.454081054687500000e+03 1.140820121765136719e+01
1.327116086193855836e+03 8.454957031250000000e+03 1.141323471069335938e+01
1.327117475095284817e+03 8.437124023437500000e+03 1.139837741851806641e+01
1.327118863996654682e+03 8.463886718750000000e+03 1.140784072875976562e+01
1.327120252898082299e+03 8.450543945312500000e+03 1.140597915649414062e+01
1.327121641799452846e+03 8.469916992187500000e+03 1.141325569152832031e+01
1.327123030700823392e+03 8.459034179687500000e+03 1.141794013977050781e+01
1.327124419602251010e+03 8.476141601562500000e+03 1.141971588134765625e+01
1.327125808503620874e+03 8.447450195312500000e+03 1.139939975738525391e+01
1.327127197404991648e+03 8.476912109375000000e+03 1.142028808593750000e+01
1.327128586306419265e+03 8.453144531250000000e+03 1.140673637390136719e+01
1.327129975207789130e+03 8.452448242187500000e+03 1.140485191345214844e+01
1.327131364109159904e+03 8.456184570312500000e+03 1.140714168548583984e+01
1.327132753010587521e+03 8.470546875000000000e+03 1.141777801513671875e+01
1.327134141911957386e+03 8.470710937500000000e+03 1.141414070129394531e+01
1.327135530813328160e+03 8.460868164062500000e+03 1.140653800964355469e+01
1.327136919714756232e+03 8.454569335937500000e+03 1.141564941406250000e+01
1.327138308616126096e+03 8.471602539062500000e+03 1.141589927673339844e+01
1.327139697517496415e+03 8.445180664062500000e+03 1.141826534271240234e+01
1.327141086418924488e+03 8.467286132812500000e+03 1.141419219970703125e+01
1.327142475320294352e+03 8.459750000000000000e+03 1.141258239746093750e+01
1.327143864221664444e+03 8.448440429687500000e+03 1.141091060638427734e+01
1.327145253123093198e+03 8.466042968750000000e+03 1.140991783142089844e+01
1.327146642024463290e+03 8.448835937500000000e+03 1.140188217163085938e+01
1.327148030925832472e+03 8.442531250000000000e+03 1.141287708282470703e+01
1.327149419827261454e+03 8.474627929687500000e+03 1.141924381256103516e+01
1.327150808728631546e+03 8.469304687500000000e+03 1.142849636077880859e+01
1.327152197630000728e+03 8.451045898437500000e+03 1.140933418273925781e+01
1.327153586531371502e+03 8.465263671875000000e+03 1.141719627380371094e+01
1.327154975432800484e+03 8.449944335937500000e+03 1.140476989746093750e+01
1.327156364334169666e+03 8.399793945312500000e+03 1.138688564300537109e+01
1.327157753235539758e+03 8.463284179687500000e+03 1.141411590576171875e+01
1.327159142136968512e+03 8.481676757812500000e+03 1.141749572753906250e+01
1.327160531038337695e+03 8.444744140625000000e+03 1.140350818634033203e+01
1.327161919939708014e+03 8.454083984375000000e+03 1.140445327758789062e+01
1.327163308841078560e+03 8.460477539062500000e+03 1.140651130676269531e+01
1.327164697742505950e+03 8.425375976562500000e+03 1.139613819122314453e+01
1.327166086643876042e+03 8.475843750000000000e+03 1.142082118988037109e+01
1.327167475545246589e+03 8.461828125000000000e+03 1.140493011474609375e+01
1.327168864446616681e+03 8.454871093750000000e+03 1.140261840820312500e+01
1.327170253348044980e+03 8.462700195312500000e+03 1.140933322906494141e+01
1.327171642249414845e+03 8.457773437500000000e+03 1.141188049316406250e+01
1.327173031150784709e+03 8.441198242187500000e+03 1.139627075195312500e+01
1.327174420052155028e+03 8.471242187500000000e+03 1.141097831726074219e+01
1.327175808953524893e+03 8.471208984375000000e+03 1.141157436370849609e+01
1.327177197854952965e+03 8.481802734375000000e+03 1.140682315826416016e+01
1.327178586756323057e+03 8.464117187500000000e+03 1.140318679809570312e+01
1.327179975657693149e+03 8.461711914062500000e+03 1.140748119354248047e+01
1.327181364559063013e+03 8.457735351562500000e+03 1.140028858184814453e+01
1.327182753460491085e+03 8.461715820312500000e+03 1.139627170562744141e+01
1.327184142361861404e+03 8.483021484375000000e+03 1.140367794036865234e+01
1.327185531263231951e+03 8.470992187500000000e+03 1.140813732147216797e+01
1.327186920164602498e+03 8.438805664062500000e+03 1.139082431793212891e+01
1.327188309065971907e+03 8.442889648437500000e+03 1.138866424560546875e+01
1.327189697967399979e+03 8.464375000000000000e+03 1.139513683319091797e+01
1.327191086868770753e+03 8.474086914062500000e+03 1.141906738281250000e+01
1.327192475770140163e+03 8.472981445312500000e+03 1.140430164337158203e+01
1.327193864671510028e+03 8.465812500000000000e+03 1.140163135528564453e+01
1.327195253572880802e+03 8.457076171875000000e+03 1.139759063720703125e+01
1.327196642474250211e+03 8.467456054687500000e+03 1.140429973602294922e+01
1.327198031375678283e+03 8.472146484375000000e+03 1.140510368347167969e+01
1.327199420277049057e+03 8.454524414062500000e+03 1.139999008178710938e+01
1.327200809178418922e+03 8.466066406250000000e+03 1.139433765411376953e+01
1.327202198079788786e+03 8.459635742187500000e+03 1.139336299896240234e+01
1.327203586981158878e+03 8.477044921875000000e+03 1.140217494964599609e+01
1.327204975882528970e+03 8.461793945312500000e+03 1.139549636840820312e+01
1.327206364783898835e+03 8.473424804687500000e+03 1.139670848846435547e+01
1.327207753685326907e+03 8.457724609375000000e+03 1.139244842529296875e+01
1.327209142586697226e+03 8.456827148437500000e+03 1.139107131958007812e+01
1.327210531488067090e+03 8.469866210937500000e+03 1.139403438568115234e+01
1.327211920389436955e+03 8.467078125000000000e+03 1.140345191955566406e+01
1.327213309290807047e+03 8.467357421875000000e+03 1.139474868774414062e+01
1.327214698192177593e+03 8.475863281250000000e+03 1.139673423767089844e+01
1.327216087093547685e+03 8.452879882812500000e+03 1.138923358917236328e+01
1.327217475994916867e+03 8.435398437500000000e+03 1.138257884979248047e+01
1.327218864896287641e+03 8.463583984375000000e+03 1.139035511016845703e+01
1.327220253797715941e+03 8.456137695312500000e+03 1.137973117828369141e+01
1.327221642699085123e+03 8.478498046875000000e+03 1.139576721191406250e+01
1.327223031600455897e+03 8.464434570312500000e+03 1.138293933868408203e+01
1.327224420501825762e+03 8.456462890625000000e+03 1.138666057586669922e+01
1.327225809403195854e+03 8.453418945312500000e+03 1.138566684722900391e+01
1.327227198304566400e+03 8.486546875000000000e+03 1.139831066131591797e+01
1.327228587205935810e+03 8.458386718750000000e+03 1.138366699218750000e+01
1.327229976107305674e+03 8.444467773437500000e+03 1.137687492370605469e+01
1.327231365008676448e+03 8.461695312500000000e+03 1.137832832336425781e+01
1.327232753910046540e+03 8.477117187500000000e+03 1.139048957824707031e+01
1.327234142811416632e+03 8.463622070312500000e+03 1.138516044616699219e+01
1.327235531712786496e+03 8.456583984375000000e+03 1.138794231414794922e+01
1.327236920614156361e+03 8.454234375000000000e+03 1.137693214416503906e+01
1.327238309515526453e+03 8.460475585937500000e+03 1.137858295440673828e+01
1.327239698416896545e+03 8.471089843750000000e+03 1.138420391082763672e+01
1.327241087318266409e+03 8.468125976562500000e+03 1.138717269897460938e+01
1.327242476219636274e+03 8.472281250000000000e+03 1.138873767852783203e+01
1.327243865121006593e+03 8.468416015625000000e+03 1.138467502593994141e+01
1.327245254022376457e+03 8.486108398437500000e+03 1.138245964050292969e+01
1.327246642923747231e+03 8.478642578125000000e+03 1.138343429565429688e+01
1.327248031825117096e+03 8.464730468750000000e+03 1.137803840637207031e+01
1.327249420726486505e+03 8.443636718750000000e+03 1.136732482910156250e+01
1.327250809627857052e+03 8.459392578125000000e+03 1.137035751342773438e+01
1.327252198529227144e+03 8.431801757812500000e+03 1.135708332061767578e+01
1.327253587430596326e+03 8.451189453125000000e+03 1.137077426910400391e+01
1.327254976331966873e+03 8.444974609375000000e+03 1.136816692352294922e+01
1.327256365233337192e+03 8.449209960937500000e+03 1.137229728698730469e+01
1.327257754134706374e+03 8.470841796875000000e+03 1.137299823760986328e+01
1.327259143036076921e+03 8.435284179687500000e+03 1.135703468322753906e+01
1.327260531937447013e+03 8.455392578125000000e+03 1.136379718780517578e+01
1.327261920838816195e+03 8.458564453125000000e+03 1.136338424682617188e+01
1.327263309740186969e+03 8.470830078125000000e+03 1.136454582214355469e+01
1.327264698641557743e+03 8.485604492187500000e+03 1.137846374511718750e+01
1.327266087542927608e+03 8.474996093750000000e+03 1.136457633972167969e+01
1.327267476444297699e+03 8.466866210937500000e+03 1.136591625213623047e+01
1.327268865345667791e+03 8.470435546875000000e+03 1.136783790588378906e+01
1.327270254247037656e+03 8.473861328125000000e+03 1.136732292175292969e+01
1.327271643148407520e+03 8.458677734375000000e+03 1.136198234558105469e+01
1.327273032049777612e+03 8.439402343750000000e+03 1.134567260742187500e+01
1.327274420951147704e+03 8.463125976562500000e+03 1.136063480377197266e+01
1.327275809852459361e+03 8.480187500000000000e+03 1.137712478637695312e+01
1.327277198753829225e+03 8.450011718750000000e+03 1.135422897338867188e+01
1.327278587655199999e+03 8.452833984375000000e+03 1.134956932067871094e+01
1.327279976556570091e+03 8.455957031250000000e+03 1.135294342041015625e+01
1.327281365457939273e+03 8.480537109375000000e+03 1.135844230651855469e+01
1.327282754359310047e+03 8.466782226562500000e+03 1.136135673522949219e+01
1.327284143260679912e+03 8.463926757812500000e+03 1.135756206512451172e+01
1.327285532162049321e+03 8.475127929687500000e+03 1.135427665710449219e+01
1.327286921063361888e+03 8.466649414062500000e+03 1.135547256469726562e+01
1.327288309964731752e+03 8.466009765625000000e+03 1.136415100097656250e+01
1.327289698866101162e+03 8.456927734375000000e+03 1.134675693511962891e+01
1.327291087767471936e+03 8.460430664062500000e+03 1.134718322753906250e+01
1.327292476668841800e+03 8.461486328125000000e+03 1.134820556640625000e+01
1.327293865570211210e+03 8.463215820312500000e+03 1.135224342346191406e+01
1.327295254471581757e+03 8.454442382812500000e+03 1.134627914428710938e+01
1.327296643372894096e+03 8.448853515625000000e+03 1.134457302093505859e+01
1.327298032274263505e+03 8.456079101562500000e+03 1.135054397583007812e+01
1.327299421175633370e+03 8.477081054687500000e+03 1.135074710845947266e+01
1.327300810077004144e+03 8.453079101562500000e+03 1.134559726715087891e+01
1.327302198978373553e+03 8.439186523437500000e+03 1.134047317504882812e+01
1.327303587879685210e+03 8.451060546875000000e+03 1.134069252014160156e+01
1.327304976781055984e+03 8.467349609375000000e+03 1.134932422637939453e+01
1.327306365682425849e+03 8.476034179687500000e+03 1.135596179962158203e+01
1.327307754583795941e+03 8.466458984375000000e+03 1.134199237823486328e+01
1.327309143485166032e+03 8.458705078125000000e+03 1.134276771545410156e+01
1.327310532386478599e+03 8.461681640625000000e+03 1.134423065185546875e+01
1.327311921287848463e+03 8.444958984375000000e+03 1.133422851562500000e+01
1.327313310189217873e+03 8.459988281250000000e+03 1.134596920013427734e+01
1.327314699090588419e+03 8.472069335937500000e+03 1.135145092010498047e+01
1.327316087991958511e+03 8.466767578125000000e+03 1.134471607208251953e+01
1.327317476893269486e+03 8.458969726562500000e+03 1.134009552001953125e+01
1.327318865794640033e+03 8.454057617187500000e+03 1.134116458892822266e+01
1.327320254696010124e+03 8.450879882812500000e+03 1.133808135986328125e+01
1.327321643597321099e+03 8.468288085937500000e+03 1.135104751586914062e+01
1.327323032498691873e+03 8.472832031250000000e+03 1.135164642333984375e+01
1.327324421400062647e+03 8.466514648437500000e+03 1.134460830688476562e+01
1.327325810301432057e+03 8.447637695312500000e+03 1.133791255950927734e+01
1.327327199202743714e+03 8.446070312500000000e+03 1.133211040496826172e+01
1.327328588104114488e+03 8.469264648437500000e+03 1.134301376342773438e+01
1.327329977005483670e+03 8.450623046875000000e+03 1.133419227600097656e+01
1.327331365906853762e+03 8.449568359375000000e+03 1.133343887329101562e+01
1.327332754808166101e+03 8.465430664062500000e+03 1.134421825408935547e+01
1.327334143709535283e+03 8.475001953125000000e+03 1.134394264221191406e+01
1.327335532610905602e+03 8.439230468750000000e+03 1.133725070953369141e+01
1.327336921512217941e+03 8.448486328125000000e+03 1.133201122283935547e+01
1.327338310413587124e+03 8.453562500000000000e+03 1.133524417877197266e+01
1.327339699314957215e+03 8.458291015625000000e+03 1.134271240234375000e+01
1.327341088216269554e+03 8.473863281250000000e+03 1.134447288513183594e+01
1.327342477117640328e+03 8.454075195312500000e+03 1.133267402648925781e+01
1.327343866019010193e+03 8.457613281250000000e+03 1.133102130889892578e+01
1.327345254920321395e+03 8.455758789062500000e+03 1.133253288269042969e+01
1.327346643821692169e+03 8.464947265625000000e+03 1.134020137786865234e+01
1.327348032723062033e+03 8.457599609375000000e+03 1.133252239227294922e+01
1.327349421624373235e+03 8.471622070312500000e+03 1.133724021911621094e+01
1.327350810525744009e+03 8.461865234375000000e+03 1.133700942993164062e+01
1.327352199427055666e+03 8.463801757812500000e+03 1.133241081237792969e+01
1.327353588328425076e+03 8.466606445312500000e+03 1.133770942687988281e+01
1.327354977229795622e+03 8.462977539062500000e+03 1.133231735229492188e+01
1.327356366131107961e+03 8.469918945312500000e+03 1.133854389190673828e+01
1.327357755032477371e+03 8.449960937500000000e+03 1.132933998107910156e+01
1.327359143933789028e+03 8.474453125000000000e+03 1.134776782989501953e+01
1.327360532835159802e+03 8.469457031250000000e+03 1.133931446075439453e+01
1.327361921736529212e+03 8.471521484375000000e+03 1.133341121673583984e+01
1.327363310637840868e+03 8.467512695312500000e+03 1.133642578125000000e+01
1.327364699539211642e+03 8.443346679687500000e+03 1.132720565795898438e+01
1.327366088440522844e+03 8.453364257812500000e+03 1.133413505554199219e+01
1.327367477341892709e+03 8.476062500000000000e+03 1.133726501464843750e+01
1.327368866243205275e+03 8.457711914062500000e+03 1.133252811431884766e+01
1.327370255144575140e+03 8.472937500000000000e+03 1.133897686004638672e+01
1.327371644045887024e+03 8.455340820312500000e+03 1.132950019836425781e+01
1.327373032947257116e+03 8.455484375000000000e+03 1.133286571502685547e+01
1.327374421848626980e+03 8.458176757812500000e+03 1.134146118164062500e+01
1.327375810749938637e+03 8.472711914062500000e+03 1.133871364593505859e+01
1.327377199651308729e+03 8.444377929687500000e+03 1.132405757904052734e+01
1.327378588552620613e+03 8.448055664062500000e+03 1.133320617675781250e+01
1.327379977453990477e+03 8.461982421875000000e+03 1.133390998840332031e+01
1.327381366355302134e+03 8.450793945312500000e+03 1.132878494262695312e+01
1.327382755256672908e+03 8.444918945312500000e+03 1.132267570495605469e+01
1.327384144157984792e+03 8.453836914062500000e+03 1.132995891571044922e+01
1.327385533059353975e+03 8.458558593750000000e+03 1.133775520324707031e+01
1.327386921960666541e+03 8.463312500000000000e+03 1.133362579345703125e+01
1.327388310862037315e+03 8.438648437500000000e+03 1.132507324218750000e+01
1.327389699763348290e+03 8.457678710937500000e+03 1.132912826538085938e+01
1.327391088664660174e+03 8.437012695312500000e+03 1.133138465881347656e+01
1.327392477566030948e+03 8.446374023437500000e+03 1.132118511199951172e+01
1.327393866467341923e+03 8.459764648437500000e+03 1.133646965026855469e+01
1.327395255368712014e+03 8.453295898437500000e+03 1.132193565368652344e+01
1.327396644270024353e+03 8.469357421875000000e+03 1.133714962005615234e+01
1.327398033171393536e+03 8.447944335937500000e+03 1.132922458648681641e+01
1.327399422072705420e+03 8.473599609375000000e+03 1.133391666412353516e+01
1.327400810974075966e+03 8.470519531250000000e+03 1.132636451721191406e+01
1.327402199875387851e+03 8.463438476562500000e+03 1.133729267120361328e+01
1.327403588776699735e+03 8.459956054687500000e+03 1.132911777496337891e+01
1.327404977678069599e+03 8.464758789062500000e+03 1.132756519317626953e+01
1.327406366579381483e+03 8.475039062500000000e+03 1.133179950714111328e+01
1.327407755480751575e+03 8.466906250000000000e+03 1.132691669464111328e+01
1.327409144382063232e+03 8.451218750000000000e+03 1.132862567901611328e+01
1.327410533283374889e+03 8.474536132812500000e+03 1.135066223144531250e+01
1.327411922184744981e+03 8.456650390625000000e+03 1.133206653594970703e+01
1.327413311086056865e+03 8.453554687500000000e+03 1.134550094604492188e+01
1.327414699987368522e+03 8.456720703125000000e+03 1.133713817596435547e+01
1.327416088888738386e+03 8.468320312500000000e+03 1.133496952056884766e+01
1.327417477790050498e+03 8.448453125000000000e+03 1.132625484466552734e+01
1.327418866691362155e+03 8.479161132812500000e+03 1.133694362640380859e+01
1.327420255592732929e+03 8.457879882812500000e+03 1.132885551452636719e+01
1.327421644494044585e+03 8.451424804687500000e+03 1.132474040985107422e+01
1.327423033395356242e+03 8.478689453125000000e+03 1.134099102020263672e+01
1.327424422296727016e+03 8.450902343750000000e+03 1.132860183715820312e+01
1.327425811198038218e+03 8.460285156250000000e+03 1.133295059204101562e+01
1.327427200099349875e+03 8.445564453125000000e+03 1.132306194305419922e+01
1.327428589000720649e+03 8.470025390625000000e+03 1.133586597442626953e+01
1.327429977902031851e+03 8.476354492187500000e+03 1.134236145019531250e+01
1.327431366803343508e+03 8.469027343750000000e+03 1.133052158355712891e+01
1.327432755704714282e+03 8.449582031250000000e+03 1.133157730102539062e+01
1.327434144606025939e+03 8.466378906250000000e+03 1.133645820617675781e+01
1.327435533507337595e+03 8.451673828125000000e+03 1.133569622039794922e+01
1.327436922408649480e+03 8.473250976562500000e+03 1.133471298217773438e+01
1.327438311310019571e+03 8.458291015625000000e+03 1.133723449707031250e+01
1.327439700211331228e+03 8.463044921875000000e+03 1.133901977539062500e+01
1.327441089112643112e+03 8.460358398437500000e+03 1.133146858215332031e+01
1.327442478013954997e+03 8.458636718750000000e+03 1.133814620971679688e+01
1.327443866915324861e+03 8.456946289062500000e+03 1.133269214630126953e+01
1.327445255816636518e+03 8.435963867187500000e+03 1.132092857360839844e+01
1.327446644717948402e+03 8.443304687500000000e+03 1.133805847167968750e+01
1.327448033619260741e+03 8.467085937500000000e+03 1.135044288635253906e+01
1.327449422520572625e+03 8.469708007812500000e+03 1.133909797668457031e+01
1.327450811421941808e+03 8.459810546875000000e+03 1.134678363800048828e+01
1.327452200323254374e+03 8.465903320312500000e+03 1.134037971496582031e+01
1.327453589224566258e+03 8.455835937500000000e+03 1.132985019683837891e+01
1.327454978125877233e+03 8.436171875000000000e+03 1.133348655700683594e+01
1.327456367027189799e+03 8.432500000000000000e+03 1.132772827148437500e+01
1.327457755928559664e+03 8.433833984375000000e+03 1.132844352722167969e+01
1.327459144829870866e+03 8.427839843750000000e+03 1.132220935821533203e+01
1.327460533731183432e+03 8.420635742187500000e+03 1.132092571258544922e+01
1.327461922632495089e+03 8.417766601562500000e+03 1.131579494476318359e+01
1.327463311533806746e+03 8.416565429687500000e+03 1.131787109375000000e+01
1.327464700435119312e+03 8.425538085937500000e+03 1.132073593139648438e+01
1.327466089336431196e+03 8.421048828125000000e+03 1.131578159332275391e+01
1.327467478237801288e+03 8.405425781250000000e+03 1.131748390197753906e+01
1.327468867139112945e+03 8.414546875000000000e+03 1.131710052490234375e+01
1.327470256040424601e+03 8.391625000000000000e+03 1.130754470825195312e+01
1.327471644941736486e+03 8.426858398437500000e+03 1.132541275024414062e+01
1.327473033843048370e+03 8.411089843750000000e+03 1.131218528747558594e+01
1.327474422744360027e+03 8.420148437500000000e+03 1.132359218597412109e+01
1.327475811645671911e+03 8.409998046875000000e+03 1.132190036773681641e+01
1.327477200546983795e+03 8.402319335937500000e+03 1.131739234924316406e+01
1.327478589448295452e+03 8.425989257812500000e+03 1.133069515228271484e+01
1.327479978349608018e+03 8.420733398437500000e+03 1.131635570526123047e+01
1.327481367250977883e+03 8.420425781250000000e+03 1.131659984588623047e+01
1.327482756152289085e+03 8.412527343750000000e+03 1.131810951232910156e+01
1.327484145053601651e+03 8.410033203125000000e+03 1.131415557861328125e+01
1.327485533954913308e+03 8.406791015625000000e+03 1.131423282623291016e+01
1.327486922856224510e+03 8.413304687500000000e+03 1.131949901580810547e+01
1.327488311757536849e+03 8.409903320312500000e+03 1.131982898712158203e+01
1.327489700658848733e+03 8.403114257812500000e+03 1.130925178527832031e+01
1.327491089560159708e+03 8.405934570312500000e+03 1.131479835510253906e+01
1.327492478461472047e+03 8.404215820312500000e+03 1.131609916687011719e+01
1.327493867362784613e+03 8.433909179687500000e+03 1.133366298675537109e+01
1.327495256264095815e+03 8.408467773437500000e+03 1.131696510314941406e+01
1.327496645165407472e+03 8.411407226562500000e+03 1.132269191741943359e+01
1.327498034066720038e+03 8.410625976562500000e+03 1.131870269775390625e+01
1.327499422968031240e+03 8.398556640625000000e+03 1.131289958953857422e+01
1.327500811869342897e+03 8.396944335937500000e+03 1.131711101531982422e+01
1.327502200770655463e+03 8.399518554687500000e+03 1.131319618225097656e+01
1.327503589671967120e+03 8.400747070312500000e+03 1.132015228271484375e+01
1.327504978573278777e+03 8.401560546875000000e+03 1.132126998901367188e+01
1.327506367474590661e+03 8.427795898437500000e+03 1.133013534545898438e+01
1.327507756375844338e+03 8.394183593750000000e+03 1.132022953033447266e+01
1.327509145277155994e+03 8.406823242187500000e+03 1.131978321075439453e+01
1.327510534178467879e+03 8.418635742187500000e+03 1.132418060302734375e+01
1.327511923079780217e+03 8.380024414062500000e+03 1.131451034545898438e+01
1.327513311981092102e+03 8.386117187500000000e+03 1.131114292144775391e+01
1.327514700882403076e+03 8.408690429687500000e+03 1.132204818725585938e+01
1.327516089783715643e+03 8.411040039062500000e+03 1.132377433776855469e+01
1.327517478685027299e+03 8.384723632812500000e+03 1.131306362152099609e+01
1.327518867586338501e+03 8.422508789062500000e+03 1.134181308746337891e+01
1.327520256487651068e+03 8.406436523437500000e+03 1.132036113739013672e+01
1.327521645388904517e+03 8.388888671875000000e+03 1.131652927398681641e+01
1.327523034290215719e+03 8.410289062500000000e+03 1.132759952545166016e+01
1.327524423191528285e+03 8.411899414062500000e+03 1.133007812500000000e+01
1.327525812092840624e+03 8.411935546875000000e+03 1.134434700012207031e+01
1.327527200994151599e+03 8.410346679687500000e+03 1.132905578613281250e+01
1.327528589895463483e+03 8.401746093750000000e+03 1.132576560974121094e+01
1.327529978796775822e+03 8.388562500000000000e+03 1.132742118835449219e+01
1.327531367698028816e+03 8.396426757812500000e+03 1.132397365570068359e+01
1.327532756599340473e+03 8.435511718750000000e+03 1.134772396087646484e+01
1.327534145500653040e+03 8.409406250000000000e+03 1.133931255340576172e+01
1.327535534401964242e+03 8.402065429687500000e+03 1.133146572113037109e+01
1.327536923303275898e+03 8.394338867187500000e+03 1.132888507843017578e+01
1.327538312204530257e+03 8.421100585937500000e+03 1.134075355529785156e+01
1.327539701105842823e+03 8.396511718750000000e+03 1.133511829376220703e+01
1.327541090007154480e+03 8.402665039062500000e+03 1.133283519744873047e+01
1.327542478908465682e+03 8.398137695312500000e+03 1.133048534393310547e+01
1.327543867809778249e+03 8.395586914062500000e+03 1.133098030090332031e+01
1.327545256711031698e+03 8.398057617187500000e+03 1.133204364776611328e+01
1.327546645612342900e+03 8.419016601562500000e+03 1.134215927124023438e+01
1.327548034513655239e+03 8.394920898437500000e+03 1.133238029479980469e+01
1.327549423414908915e+03 8.386770507812500000e+03 1.132563591003417969e+01
1.327550812316219890e+03 8.397994140625000000e+03 1.134012508392333984e+01
1.327552201217532229e+03 8.424695312500000000e+03 1.134648704528808594e+01
1.327553590118844113e+03 8.392924804687500000e+03 1.134074306488037109e+01
1.327554979020096880e+03 8.412952148437500000e+03 1.134815788269042969e+01
1.327556367921409446e+03 8.396502929687500000e+03 1.133587360382080078e+01
1.327557756822722013e+03 8.402723632812500000e+03 1.133961296081542969e+01
1.327559145723975007e+03 8.424710937500000000e+03 1.134989833831787109e+01
1.327560534625286664e+03 8.407898437500000000e+03 1.134878730773925781e+01
1.327561923526599230e+03 8.416722656250000000e+03 1.134430885314941406e+01
1.327563312427851997e+03 8.402447265625000000e+03 1.134171962738037109e+01
1.327564701329163881e+03 8.388505859375000000e+03 1.133525753021240234e+01
1.327566090230476448e+03 8.414601562500000000e+03 1.134742736816406250e+01
1.327567479131729215e+03 8.402996093750000000e+03 1.134430599212646484e+01
1.327568868033041099e+03 8.414957031250000000e+03 1.134613513946533203e+01
1.327570256934353438e+03 8.421197265625000000e+03 1.135365390777587891e+01
1.327571645835607114e+03 8.402136718750000000e+03 1.134637641906738281e+01
1.327573034736918771e+03 8.419937500000000000e+03 1.135764026641845703e+01
1.327574423638230428e+03 8.415867187500000000e+03 1.134867858886718750e+01
1.327575812539484104e+03 8.409724609375000000e+03 1.134686088562011719e+01
1.327577201440795989e+03 8.422757812500000000e+03 1.135438251495361328e+01
1.327578590342049438e+03 8.441853515625000000e+03 1.136722469329833984e+01
1.327579979243362004e+03 8.418919921875000000e+03 1.135760688781738281e+01
1.327581368144615453e+03 8.424725585937500000e+03 1.135382175445556641e+01
1.327582757045926655e+03 8.400589843750000000e+03 1.135058307647705078e+01
1.327584145947239222e+03 8.424721679687500000e+03 1.135582828521728516e+01
1.327585534848493353e+03 8.431186523437500000e+03 1.136140918731689453e+01
1.327586923749804328e+03 8.448176757812500000e+03 1.137127590179443359e+01
1.327588312651058004e+03 8.460649414062500000e+03 1.137420845031738281e+01
1.327589701552370343e+03 8.446438476562500000e+03 1.138009071350097656e+01
1.327591090453623337e+03 8.469719726562500000e+03 1.137821865081787109e+01
1.327592479354935222e+03 8.463014648437500000e+03 1.138027286529541016e+01
1.327593868256189353e+03 8.469041992187500000e+03 1.138361835479736328e+01
1.327595257157500555e+03 8.466373046875000000e+03 1.138905525207519531e+01
1.327596646058754004e+03 8.445752929687500000e+03 1.136880207061767578e+01
1.327598034960066570e+03 8.476646484375000000e+03 1.138575172424316406e+01
1.327599423861319565e+03 8.472967773437500000e+03 1.138801097869873047e+01
1.327600812762631222e+03 8.469743164062500000e+03 1.138797855377197266e+01
1.327602201663885580e+03 8.452701171875000000e+03 1.137926864624023438e+01
1.327603590565197237e+03 8.443622070312500000e+03 1.137699317932128906e+01
1.327604979466450914e+03 8.480709960937500000e+03 1.138436412811279297e+01
1.327606368367762798e+03 8.449125000000000000e+03 1.137099170684814453e+01
1.327607757269016247e+03 8.476360351562500000e+03 1.138441276550292969e+01
1.327609146170269696e+03 8.444757812500000000e+03 1.136874580383300781e+01
1.327610535071581580e+03 8.473855468750000000e+03 1.138521194458007812e+01
1.327611923972835257e+03 8.470096679687500000e+03 1.138389492034912109e+01
1.327613312874146914e+03 8.470416992187500000e+03 1.137439632415771484e+01
1.327614701775400590e+03 8.453971679687500000e+03 1.137281894683837891e+01
1.327616090676712474e+03 8.458697265625000000e+03 1.137167644500732422e+01
1.327617479577966606e+03 8.472929687500000000e+03 1.138289260864257812e+01
1.327618868479220282e+03 8.467876953125000000e+03 1.137942314147949219e+01
1.327620257380531939e+03 8.475875000000000000e+03 1.138652420043945312e+01
1.327621646281786298e+03 8.477459960937500000e+03 1.137756443023681641e+01
1.327623035183039065e+03 8.445855468750000000e+03 1.137504482269287109e+01
1.327624424084350949e+03 8.454976562500000000e+03 1.137495231628417969e+01
1.327625812985605307e+03 8.458177734375000000e+03 1.137371158599853516e+01
1.327627201886858074e+03 8.452276367187500000e+03 1.137353038787841797e+01
1.327628590788169959e+03 8.461935546875000000e+03 1.137591266632080078e+01
1.327629979689424090e+03 8.471134765625000000e+03 1.137456893920898438e+01
1.327631368590677766e+03 8.463086914062500000e+03 1.138690376281738281e+01
1.327632757491989423e+03 8.470230468750000000e+03 1.138445663452148438e+01
1.327634146393242872e+03 8.464588867187500000e+03 1.137549781799316406e+01
1.327635535294496549e+03 8.465225585937500000e+03 1.137560081481933594e+01
1.327636924195808433e+03 8.467621093750000000e+03 1.136833477020263672e+01
1.327638313097061882e+03 8.445596679687500000e+03 1.136711311340332031e+01
1.327639701998315559e+03 8.457625000000000000e+03 1.136681938171386719e+01
1.327641090899569235e+03 8.474892578125000000e+03 1.137727832794189453e+01
1.327642479800880892e+03 8.460789062500000000e+03 1.137926673889160156e+01
1.327643868702134341e+03 8.445139648437500000e+03 1.136052417755126953e+01
1.327645257603388018e+03 8.467223632812500000e+03 1.137435245513916016e+01
1.327646646504641694e+03 8.460953125000000000e+03 1.137508678436279297e+01
1.327648035405953351e+03 8.471734375000000000e+03 1.137516498565673828e+01
1.327649424307207710e+03 8.455302734375000000e+03 1.136825752258300781e+01
1.327650813208461159e+03 8.476921875000000000e+03 1.138250160217285156e+01
1.327652202109714153e+03 8.466389648437500000e+03 1.137524127960205078e+01
1.327653591010968512e+03 8.468167968750000000e+03 1.137417602539062500e+01
1.327654979912280169e+03 8.463016601562500000e+03 1.137352085113525391e+01
1.327656368813533163e+03 8.467748046875000000e+03 1.137797164916992188e+01
1.327657757714787294e+03 8.433133789062500000e+03 1.135645008087158203e+01
1.327659146616040971e+03 8.467208984375000000e+03 1.138323116302490234e+01
1.327660535517294420e+03 8.455359375000000000e+03 1.136526489257812500e+01
1.327661924418548779e+03 8.450089843750000000e+03 1.136258792877197266e+01
1.327663313319860436e+03 8.444765625000000000e+03 1.135875034332275391e+01
1.327664702221114112e+03 8.473039062500000000e+03 1.137066364288330078e+01
1.327666091122367789e+03 8.462291992187500000e+03 1.136828994750976562e+01
1.327667480023621238e+03 8.458215820312500000e+03 1.136874961853027344e+01
1.327668868924874687e+03 8.471936523437500000e+03 1.137672328948974609e+01
1.327670257826128363e+03 8.445790039062500000e+03 1.135610580444335938e+01
1.327671646727382040e+03 8.471720703125000000e+03 1.137271308898925781e+01
1.327673035628635489e+03 8.463904296875000000e+03 1.136919307708740234e+01
1.327674424529889166e+03 8.465815429687500000e+03 1.136616516113281250e+01
1.327675813431142842e+03 8.458353515625000000e+03 1.137372684478759766e+01
1.327677202332455181e+03 8.460743164062500000e+03 1.136620998382568359e+01
1.327678591233708858e+03 8.464021484375000000e+03 1.137276744842529297e+01
1.327679980134961625e+03 8.471197265625000000e+03 1.136609745025634766e+01
1.327681369036215756e+03 8.456516601562500000e+03 1.136913108825683594e+01
1.327682757937469660e+03 8.445097656250000000e+03 1.135533237457275391e+01
1.327684146838722427e+03 8.450949218750000000e+03 1.136297988891601562e+01
1.327685535739976558e+03 8.457162109375000000e+03 1.136620044708251953e+01
1.327686924641230235e+03 8.469405273437500000e+03 1.137027835845947266e+01
1.327688313542483002e+03 8.457436523437500000e+03 1.135743618011474609e+01
1.327689702443737360e+03 8.454875000000000000e+03 1.136432647705078125e+01
1.327691091344990809e+03 8.454694335937500000e+03 1.136411762237548828e+01
1.327692480246243804e+03 8.472621093750000000e+03 1.137028217315673828e+01
1.327693869147498162e+03 8.459771484375000000e+03 1.136324119567871094e+01
1.327695258048752521e+03 8.471663085937500000e+03 1.136523151397705078e+01
1.327696646950005288e+03 8.486668945312500000e+03 1.137701702117919922e+01
1.327698035851258965e+03 8.455909179687500000e+03 1.135339355468750000e+01
1.327699424752513096e+03 8.466152343750000000e+03 1.136386108398437500e+01
1.327700813653708565e+03 8.476261718750000000e+03 1.136942100524902344e+01
1.327702202554962014e+03 8.467319335937500000e+03 1.137046432495117188e+01
1.327703591456215463e+03 8.475593750000000000e+03 1.137165641784667969e+01
1.327704980357469140e+03 8.465678710937500000e+03 1.137446880340576172e+01
1.327706369258722816e+03 8.447057617187500000e+03 1.135932540893554688e+01
1.327707758159976265e+03 8.475883789062500000e+03 1.136462116241455078e+01
1.327709147061230624e+03 8.442706054687500000e+03 1.135439586639404297e+01
1.327710535962484073e+03 8.452133789062500000e+03 1.135595512390136719e+01
1.327711924863737067e+03 8.471580078125000000e+03 1.136806392669677734e+01
1.327713313764991426e+03 8.461404296875000000e+03 1.136331272125244141e+01
1.327714702666186668e+03 8.470205078125000000e+03 1.135961055755615234e+01
1.327716091567439662e+03 8.465883789062500000e+03 1.136964511871337891e+01
1.327717480468694021e+03 8.459624023437500000e+03 1.136909484863281250e+01
1.327718869369947470e+03 8.462277343750000000e+03 1.137163162231445312e+01
1.327720258271200464e+03 8.468400390625000000e+03 1.135854625701904297e+01
1.327721647172454595e+03 8.441521484375000000e+03 1.135158824920654297e+01
1.327723036073650519e+03 8.454676757812500000e+03 1.136630630493164062e+01
1.327724424974903513e+03 8.465656250000000000e+03 1.136773586273193359e+01
1.327725813876156963e+03 8.477437500000000000e+03 1.136806583404541016e+01
1.327727202777411321e+03 8.456800781250000000e+03 1.136057472229003906e+01
1.327728591678664316e+03 8.462208007812500000e+03 1.135481548309326172e+01
1.327729980579859557e+03 8.459001953125000000e+03 1.136478805541992188e+01
1.327731369481113916e+03 8.449916015625000000e+03 1.136288738250732422e+01
1.327732758382366910e+03 8.456083984375000000e+03 1.135108757019042969e+01
1.327734147283620359e+03 8.445025390625000000e+03 1.135493278503417969e+01
1.327735536184816510e+03 8.483517578125000000e+03 1.136859893798828125e+01
1.327736925086069959e+03 8.471326171875000000e+03 1.137124633789062500e+01
1.327738313987323409e+03 8.446593750000000000e+03 1.135288333892822266e+01
1.327739702888518877e+03 8.486221679687500000e+03 1.137435626983642578e+01
1.327741091789773009e+03 8.461831054687500000e+03 1.135513401031494141e+01
1.327742480691026913e+03 8.463528320312500000e+03 1.135788726806640625e+01
1.327743869592279680e+03 8.463213867187500000e+03 1.136937618255615234e+01
1.327745258493475603e+03 8.454332031250000000e+03 1.136416530609130859e+01
1.327746647394729280e+03 8.465429687500000000e+03 1.136875057220458984e+01
1.327748036295982047e+03 8.451569335937500000e+03 1.136151790618896484e+01
1.327749425197178198e+03 8.467760742187500000e+03 1.136107826232910156e+01
1.327750814098431647e+03 8.464814453125000000e+03 1.136666488647460938e+01
1.327752202999684641e+03 8.448626953125000000e+03 1.135356998443603516e+01
1.327753591900880792e+03 8.447736328125000000e+03 1.135499763488769531e+01
1.327754980802135151e+03 8.444296875000000000e+03 1.135291957855224609e+01
1.327756369703329710e+03 8.461600585937500000e+03 1.136767292022705078e+01
1.327757758604583387e+03 8.434963867187500000e+03 1.134237289428710938e+01
1.327759147505837518e+03 8.461329101562500000e+03 1.135787582397460938e+01
1.327760536407032077e+03 8.436328125000000000e+03 1.135503768920898438e+01
1.327761925308285754e+03 8.456919921875000000e+03 1.135960483551025391e+01
1.327763314209481678e+03 8.473349609375000000e+03 1.136023521423339844e+01
1.327764703110734672e+03 8.456112304687500000e+03 1.135483264923095703e+01
1.327766092011988349e+03 8.456613281250000000e+03 1.135125446319580078e+01
1.327767480913184272e+03 8.462749023437500000e+03 1.135907936096191406e+01
1.327768869814437949e+03 8.476075195312500000e+03 1.136241626739501953e+01
1.327770258715633418e+03 8.474600585937500000e+03 1.136881637573242188e+01
1.327771647616886867e+03 8.457551757812500000e+03 1.135460853576660156e+01
1.327773036518082108e+03 8.466250000000000000e+03 1.135955715179443359e+01
1.327774425419335785e+03 8.462690429687500000e+03 1.135763168334960938e+01
1.327775814320531254e+03 8.443297851562500000e+03 1.135400295257568359e+01
1.327777203221785612e+03 8.455029296875000000e+03 1.135192298889160156e+01
1.327778592122980854e+03 8.440481445312500000e+03 1.134019947052001953e+01
1.327779981024233848e+03 8.456590820312500000e+03 1.135562133789062500e+01
1.327781369925429772e+03 8.468098632812500000e+03 1.135715675354003906e+01
1.327782758826683903e+03 8.465011718750000000e+03 1.135873985290527344e+01
1.327784147727878690e+03 8.464420898437500000e+03 1.134756183624267578e+01
1.327785536629073931e+03 8.450381835937500000e+03 1.134528827667236328e+01
1.327786925530328290e+03 8.472584960937500000e+03 1.136446571350097656e+01
1.327788314431523077e+03 8.474077148437500000e+03 1.135655784606933594e+01
1.327789703332776526e+03 8.452805664062500000e+03 1.134143543243408203e+01
1.327791092233972677e+03 8.467740234375000000e+03 1.135821723937988281e+01
1.327792481135225671e+03 8.472721679687500000e+03 1.135410881042480469e+01
1.327793870036420913e+03 8.462391601562500000e+03 1.135316085815429688e+01
1.327795258937617064e+03 8.446740234375000000e+03 1.134879016876220703e+01
1.327796647838869831e+03 8.472854492187500000e+03 1.135560607910156250e+01
1.327798036740065299e+03 8.457293945312500000e+03 1.134614944458007812e+01
1.327799425641319658e+03 8.464995117187500000e+03 1.135334300994873047e+01
1.327800814542514900e+03 8.461305664062500000e+03 1.135648822784423828e+01
1.327802203443710141e+03 8.457435546875000000e+03 1.134497261047363281e+01
1.327803592344963818e+03 8.440783203125000000e+03 1.134146785736083984e+01
1.327804981246159286e+03 8.454000000000000000e+03 1.134707164764404297e+01
1.327806370147354528e+03 8.468199218750000000e+03 1.135006046295166016e+01
1.327807759048607977e+03 8.456766601562500000e+03 1.134589862823486328e+01
1.327809147949803446e+03 8.455545898437500000e+03 1.134681701660156250e+01
1.327810536850998915e+03 8.457925781250000000e+03 1.134780311584472656e+01
1.327811925752194156e+03 8.453528320312500000e+03 1.135311698913574219e+01
1.327813314653447833e+03 8.448572265625000000e+03 1.134641456604003906e+01
1.327814703554643756e+03 8.465174804687500000e+03 1.135396957397460938e+01
1.327816092455839225e+03 8.472492187500000000e+03 1.135216617584228516e+01
1.327817481357034694e+03 8.453197265625000000e+03 1.135341358184814453e+01
1.327818870258288825e+03 8.466998046875000000e+03 1.135393905639648438e+01
1.327820259159483385e+03 8.454574218750000000e+03 1.135004615783691406e+01
1.327821648060679081e+03 8.439272460937500000e+03 1.133487224578857422e+01
1.327823036961875005e+03 8.453643554687500000e+03 1.134814643859863281e+01
1.327824425863127772e+03 8.456491210937500000e+03 1.134407711029052734e+01
1.327825814764323241e+03 8.456041015625000000e+03 1.134736824035644531e+01
1.327827203665519164e+03 8.440525390625000000e+03 1.133522224426269531e+01
1.327828592566714633e+03 8.443837890625000000e+03 1.133556556701660156e+01
1.327829981467910102e+03 8.457177734375000000e+03 1.134330558776855469e+01
1.327831370369163551e+03 8.469156250000000000e+03 1.134790515899658203e+01
1.327832759270358792e+03 8.458953125000000000e+03 1.134418773651123047e+01
1.327834148171554489e+03 8.442109375000000000e+03 1.133419036865234375e+01
1.327835537072749730e+03 8.454844726562500000e+03 1.135035896301269531e+01
1.327836925973944972e+03 8.459085937500000000e+03 1.134351825714111328e+01
1.327848037183566930e+03 8.452653320312500000e+03 1.134229469299316406e+01
1.327849426084761717e+03 8.478178710937500000e+03 1.134923839569091797e+01
1.327850814985957641e+03 8.475140625000000000e+03 1.134596443176269531e+01
1.327852203887153109e+03 8.470472656250000000e+03 1.133896636962890625e+01
1.327853592788347669e+03 8.453524414062500000e+03 1.133603572845458984e+01
1.327854981689543592e+03 8.464300781250000000e+03 1.134259223937988281e+01
1.327856370590739061e+03 8.469713867187500000e+03 1.134309005737304688e+01
1.327857759491934530e+03 8.467876953125000000e+03 1.134159564971923828e+01
1.327859148393130681e+03 8.469513671875000000e+03 1.134219837188720703e+01
1.327860537294325923e+03 8.492666015625000000e+03 1.135230541229248047e+01
1.327861926195521164e+03 8.454030273437500000e+03 1.133034420013427734e+01
1.327863315096716633e+03 8.450456054687500000e+03 1.132877731323242188e+01
1.327864703997912102e+03 8.468009765625000000e+03 1.133796596527099609e+01
1.327866092899107343e+03 8.458258789062500000e+03 1.133170318603515625e+01
1.327867481800302585e+03 8.452276367187500000e+03 1.133614826202392578e+01
1.327868870701498281e+03 8.467473632812500000e+03 1.134290122985839844e+01
1.327870259602693523e+03 8.463741210937500000e+03 1.133576869964599609e+01
1.327871648503888764e+03 8.458168945312500000e+03 1.133261775970458984e+01
1.327873037405084233e+03 8.450947265625000000e+03 1.133468818664550781e+01
1.327874426306280156e+03 8.466403320312500000e+03 1.132953357696533203e+01
1.327875815207475625e+03 8.436118164062500000e+03 1.132355117797851562e+01
1.327877204108611977e+03 8.474935546875000000e+03 1.133025455474853516e+01
1.327878593009808128e+03 8.466447265625000000e+03 1.133085441589355469e+01
1.327879981911003597e+03 8.461419921875000000e+03 1.133206558227539062e+01
1.327881370812198156e+03 8.463521484375000000e+03 1.133083724975585938e+01
1.327882759713394307e+03 8.462855468750000000e+03 1.133360290527343750e+01
1.327884148614589549e+03 8.468449218750000000e+03 1.133533668518066406e+01
1.327885537515784335e+03 8.454589843750000000e+03 1.132630348205566406e+01
1.327886926416922279e+03 8.468787109375000000e+03 1.133665752410888672e+01
1.327888315318118202e+03 8.451609375000000000e+03 1.132366085052490234e+01
1.327889704219312762e+03 8.466626953125000000e+03 1.132522392272949219e+01
1.327891093120508458e+03 8.471175781250000000e+03 1.132978057861328125e+01
1.327892482021704382e+03 8.463675781250000000e+03 1.132540702819824219e+01
1.327893870922840733e+03 8.474001953125000000e+03 1.133379459381103516e+01
1.327895259824036202e+03 8.475889648437500000e+03 1.133399868011474609e+01
1.327896648725232126e+03 8.463143554687500000e+03 1.133090686798095703e+01
1.327898037626427595e+03 8.472829101562500000e+03 1.132452964782714844e+01
1.327899426527623064e+03 8.457151367187500000e+03 1.132360172271728516e+01
1.327900815428760097e+03 8.431617187500000000e+03 1.131017780303955078e+01
1.327902204329955339e+03 8.470017578125000000e+03 1.132177352905273438e+01
1.327903593231151035e+03 8.448240234375000000e+03 1.131522178649902344e+01
1.327904982132288069e+03 8.474551757812500000e+03 1.132979488372802734e+01
1.327906371033484220e+03 8.451692382812500000e+03 1.131573772430419922e+01
1.327907759934679461e+03 8.468126953125000000e+03 1.132901859283447266e+01
1.327909148835874248e+03 8.457520507812500000e+03 1.132085990905761719e+01
1.327910537737011964e+03 8.469567382812500000e+03 1.132080173492431641e+01
1.327911926638207433e+03 8.474587890625000000e+03 1.132112884521484375e+01
1.327913315539401992e+03 8.469342773437500000e+03 1.132332134246826172e+01
1.327914704440539708e+03 8.466019531250000000e+03 1.131731033325195312e+01
1.327916093341735404e+03 8.469181640625000000e+03 1.131644821166992188e+01
1.327917482242871756e+03 8.457263671875000000e+03 1.132107257843017578e+01
1.327918871144067680e+03 8.452063476562500000e+03 1.130851554870605469e+01
1.327920260045263831e+03 8.446313476562500000e+03 1.130812835693359375e+01
1.327921648946400410e+03 8.467097656250000000e+03 1.131563377380371094e+01
1.327923037847595651e+03 8.466655273437500000e+03 1.131417083740234375e+01
1.327924426748791802e+03 8.445101562500000000e+03 1.130589675903320312e+01
1.327925815649928154e+03 8.431218750000000000e+03 1.130675888061523438e+01
1.327927204551123623e+03 8.453319335937500000e+03 1.131324291229248047e+01
1.327928593452261566e+03 8.450850585937500000e+03 1.131697654724121094e+01
1.327929982353456126e+03 8.453794921875000000e+03 1.130339622497558594e+01
1.327931371254593387e+03 8.461835937500000000e+03 1.130796718597412109e+01
1.327932760155789310e+03 8.460651367187500000e+03 1.130772495269775391e+01
1.327934149056927026e+03 8.456596679687500000e+03 1.130503177642822266e+01
1.327935537958122495e+03 8.438967773437500000e+03 1.129569149017333984e+01
1.327936926859258847e+03 8.463811523437500000e+03 1.130530738830566406e+01
1.327938315760454998e+03 8.446212890625000000e+03 1.130671024322509766e+01
1.327939704661592259e+03 8.465088867187500000e+03 1.130465221405029297e+01
1.327941093562786818e+03 8.480686523437500000e+03 1.131327629089355469e+01
1.327942482463924762e+03 8.466755859375000000e+03 1.131081008911132812e+01
1.327943871365120003e+03 8.451069335937500000e+03 1.130754756927490234e+01
1.327945260266256582e+03 8.462809570312500000e+03 1.129895210266113281e+01
1.327946649167452733e+03 8.464987304687500000e+03 1.130132865905761719e+01
1.327948038068590677e+03 8.453275390625000000e+03 1.129322910308837891e+01
1.327949426969785236e+03 8.473150390625000000e+03 1.130540752410888672e+01
1.327950815870922497e+03 8.459677734375000000e+03 1.129876613616943359e+01
1.327952204772118421e+03 8.470477539062500000e+03 1.129902553558349609e+01
1.327953593673254773e+03 8.480260742187500000e+03 1.131621742248535156e+01
1.327954982574392034e+03 8.458581054687500000e+03 1.129658794403076172e+01
1.327956371475587957e+03 8.454745117187500000e+03 1.128981494903564453e+01
1.327957760376724536e+03 8.457304687500000000e+03 1.129721832275390625e+01
1.327959149277861570e+03 8.455577148437500000e+03 1.129421901702880859e+01
1.327960538179057721e+03 8.458538085937500000e+03 1.129481887817382812e+01
1.327961927080194982e+03 8.470608398437500000e+03 1.129909706115722656e+01
1.327963315981332244e+03 8.451543945312500000e+03 1.128748130798339844e+01
1.327964704882527485e+03 8.459971679687500000e+03 1.128795623779296875e+01
1.327966093783664519e+03 8.453231445312500000e+03 1.129386425018310547e+01
1.327967482684801780e+03 8.467191406250000000e+03 1.128986930847167969e+01
1.327968871585997249e+03 8.478537109375000000e+03 1.129558944702148438e+01
1.327970260487134283e+03 8.463652343750000000e+03 1.129297065734863281e+01
1.327971649388271317e+03 8.481869140625000000e+03 1.129705905914306641e+01
1.327973038289467013e+03 8.473458007812500000e+03 1.129214000701904297e+01
1.327974427190604729e+03 8.450862304687500000e+03 1.129059410095214844e+01
1.327975816091741990e+03 8.473078125000000000e+03 1.129528522491455078e+01
1.327977204992878342e+03 8.452669921875000000e+03 1.128338241577148438e+01
1.327978593894074265e+03 8.466862304687500000e+03 1.128814411163330078e+01
1.327979982795212209e+03 8.457155273437500000e+03 1.128232288360595703e+01
1.327981371696348788e+03 8.453734375000000000e+03 1.128496074676513672e+01
1.327982760597485822e+03 8.454946289062500000e+03 1.128454780578613281e+01
1.327984149498681973e+03 8.461686523437500000e+03 1.128614139556884766e+01
1.327985538399818552e+03 8.484343750000000000e+03 1.129363727569580078e+01
1.327986927300955585e+03 8.445822265625000000e+03 1.127215957641601562e+01
1.327988316202093529e+03 8.458492187500000000e+03 1.128499984741210938e+01
1.327989705103229880e+03 8.453696289062500000e+03 1.127443122863769531e+01
1.327991094004367142e+03 8.468271484375000000e+03 1.129197311401367188e+01
1.327992482905563065e+03 8.451098632812500000e+03 1.128758525848388672e+01
1.327993871806700326e+03 8.471054687500000000e+03 1.128476238250732422e+01
1.327995260707837360e+03 8.463253906250000000e+03 1.128122615814208984e+01
1.327996649608974622e+03 8.451764648437500000e+03 1.127359676361083984e+01
1.327998038510111883e+03 8.459015625000000000e+03 1.128327369689941406e+01
1.327999427411248917e+03 8.459066406250000000e+03 1.128266429901123047e+01
1.328000816312385950e+03 8.464217773437500000e+03 1.127471160888671875e+01
1.328002205213523212e+03 8.471511718750000000e+03 1.128337192535400391e+01
1.328003594114660473e+03 8.464728515625000000e+03 1.127939033508300781e+01
1.328004983015855714e+03 8.454614257812500000e+03 1.128017330169677734e+01
1.328006371916992748e+03 8.439639648437500000e+03 1.127363014221191406e+01
1.328007760818130691e+03 8.470415039062500000e+03 1.129257297515869141e+01
1.328009149719267953e+03 8.433687500000000000e+03 1.126540946960449219e+01
1.328010538620404304e+03 8.457051757812500000e+03 1.128075695037841797e+01
1.328011927521542248e+03 8.452946289062500000e+03 1.127736663818359375e+01
1.328013316422679281e+03 8.472342773437500000e+03 1.127945709228515625e+01
1.328014705323816543e+03 8.454110351562500000e+03 1.127418136596679688e+01
1.328016094224954259e+03 8.451409179687500000e+03 1.126947879791259766e+01
1.328017483126090838e+03 8.455991210937500000e+03 1.128320312500000000e+01
1.328018872027227872e+03 8.470433593750000000e+03 1.129156017303466797e+01
1.328020260928365815e+03 8.460636718750000000e+03 1.127542018890380859e+01
1.328021649829503076e+03 8.459078125000000000e+03 1.127498722076416016e+01
1.328023038730640337e+03 8.473754882812500000e+03 1.128456974029541016e+01
1.328024427631777371e+03 8.470641601562500000e+03 1.128328895568847656e+01
1.328025816532856197e+03 8.460936523437500000e+03 1.127476692199707031e+01
1.328027205433993458e+03 8.455892578125000000e+03 1.126813316345214844e+01
1.328028594335130720e+03 8.464167968750000000e+03 1.127272319793701172e+01
1.328029983236267753e+03 8.473150390625000000e+03 1.127982330322265625e+01
1.328031372137405015e+03 8.450415039062500000e+03 1.127313327789306641e+01
1.328032761038542276e+03 8.472277343750000000e+03 1.128537178039550781e+01
1.328034149939679310e+03 8.449913085937500000e+03 1.127403354644775391e+01
1.328035538840816344e+03 8.474457031250000000e+03 1.127778625488281250e+01
1.328036927741953605e+03 8.440337890625000000e+03 1.126669406890869141e+01
1.328038316643032658e+03 8.463638671875000000e+03 1.127942371368408203e+01
1.328039705544170374e+03 8.445973632812500000e+03 1.126927852630615234e+01
1.328041094445307635e+03 8.454776367187500000e+03 1.127517890930175781e+01
1.328042483346444214e+03 8.465483398437500000e+03 1.127383422851562500e+01
1.328043872247581930e+03 8.447192382812500000e+03 1.127268600463867188e+01
1.328045261148660984e+03 8.441292968750000000e+03 1.126206302642822266e+01
1.328046650049797336e+03 8.459871093750000000e+03 1.127697372436523438e+01
1.328048038950935052e+03 8.454523437500000000e+03 1.127370166778564453e+01
1.328049427852072313e+03 8.448478515625000000e+03 1.127637577056884766e+01
1.328050816753208665e+03 8.459410156250000000e+03 1.127860736846923828e+01
1.328052205654288400e+03 8.481969726562500000e+03 1.128341484069824219e+01
1.328053594555426344e+03 8.485542968750000000e+03 1.128120803833007812e+01
1.328054983456563377e+03 8.457172851562500000e+03 1.127651882171630859e+01
1.328056372357700639e+03 8.461275390625000000e+03 1.127903652191162109e+01
1.328057761258779692e+03 8.472190429687500000e+03 1.128452014923095703e+01
1.328059150159916726e+03 8.448862304687500000e+03 1.127293300628662109e+01
1.328060539061053760e+03 8.482009765625000000e+03 1.128797531127929688e+01
1.328061927962132813e+03 8.458163085937500000e+03 1.127366065979003906e+01
1.328063316863270074e+03 8.469129882812500000e+03 1.128619956970214844e+01
1.328064705764407108e+03 8.471949218750000000e+03 1.128784751892089844e+01
1.328066094665486162e+03 8.467613281250000000e+03 1.128199291229248047e+01
1.328067483566623878e+03 8.464667968750000000e+03 1.127781581878662109e+01
1.328068872467761139e+03 8.459204101562500000e+03 1.127913284301757812e+01
1.328070261368839283e+03 8.458715820312500000e+03 1.127413845062255859e+01
1.328071650269977226e+03 8.476149414062500000e+03 1.128757476806640625e+01
